2052	16
2052	42
2052	64
1488	42
1488	13
1947	42
3423	17
3423	42
2996	42
2871	17
2871	16
2871	42
1116	68
1116	17
1116	42
1116	27
2600	68
2600	16
2600	42
2600	44
2600	2
2600	47
2600	46
2600	54
2600	23
2600	74
4169	68
4169	16
4169	42
4169	44
4169	2
4169	47
4169	46
4169	54
4169	23
4169	74
670	68
670	16
670	42
670	44
670	2
670	47
670	46
670	54
670	23
670	74
3204	68
3204	16
3204	42
3204	44
3204	2
3204	47
3204	46
3204	74
2623	38
2262	17
2262	16
2262	38
2262	27
3931	16
3931	38
4019	17
4019	16
4019	38
3670	38
3767	38
3767	2
4373	38
4373	19
1640	38
822	38
822	12
3667	38
1855	38
1855	27
1718	42
1718	38
2633	38
4092	16
4092	38
4039	38
2409	38
2409	12
2409	64
2519	38
2519	64
2073	38
287	38
287	30
287	27
2652	16
2652	38
469	16
469	38
1658	38
3520	38
833	38
833	64
3591	38
924	16
3687	16
1185	16
1185	64
898	16
898	62
908	16
908	62
908	55
1906	16
1906	62
3909	16
2766	16
3834	16
3834	62
133	70
133	44
1616	71
1616	27
3101	17
3101	16
3025	45
3025	49
3025	51
3025	43
3076	1
3076	43
1094	64
1094	51
2842	67
2842	16
2842	38
2842	39
2842	54
2842	23
2911	17
2911	64
3629	17
3629	64
2936	17
2936	64
4357	17
4357	64
1307	42
1307	64
2326	42
2326	64
2360	17
2360	42
181	42
4242	42
2298	68
2298	69
2298	17
2298	16
2298	42
2298	73
2138	17
2138	42
1207	42
1207	64
4150	45
4150	49
4150	43
4150	56
3666	45
3666	49
3666	51
3666	43
3897	17
3897	64
1143	17
3048	17
3048	16
3185	17
291	17
291	16
72	17
72	16
2632	38
2632	64
87	43
87	54
1844	38
1844	27
1844	19
764	38
764	39
764	64
462	38
462	39
2232	38
2232	64
372	38
699	68
699	36
699	44
699	1
1724	68
1724	69
1724	36
1724	16
1724	42
1724	38
1724	31
1724	44
1724	2
1724	73
1724	54
1724	74
4199	16
4199	45
4199	44
4199	1
4199	49
2152	17
2152	44
2152	64
2152	55
3584	17
3584	42
3584	44
3584	55
3758	17
3758	42
3758	44
3341	17
3341	16
3341	42
3341	44
3341	55
1970	68
1970	17
1970	42
1970	27
885	68
885	17
885	42
885	38
885	27
2345	17
2345	42
2345	44
2345	55
4134	17
1271	17
1271	42
2580	17
2580	42
3968	17
3968	1
3327	45
3327	49
3327	43
2005	48
2005	45
2005	64
2005	49
2005	43
2005	2
2445	50
3543	68
3543	70
3543	16
3543	45
3543	49
3543	43
3543	50
3543	23
386	29
386	64
386	73
386	59
4216	29
4216	64
975	38
975	29
975	27
3953	38
3953	29
3953	12
3953	27
4387	38
2485	38
4389	17
4389	38
4176	16
4176	29
1398	38
1398	29
3737	29
3075	29
3145	38
3145	39
3563	38
3563	64
3581	38
3581	29
1753	29
617	38
617	29
617	64
3013	38
3013	29
3013	64
162	16
162	29
162	12
1261	29
1261	64
2585	29
3291	29
1837	38
1837	29
1837	31
1634	29
511	29
2459	38
2459	29
2459	64
3160	38
266	38
266	29
266	30
4259	16
4259	29
4259	55
3428	38
3399	38
3399	29
1815	38
1815	29
3498	38
3498	64
2204	30
739	38
739	29
739	64
739	2
445	38
2653	29
2653	56
1427	14
1427	27
1427	2
1427	73
500	68
500	14
500	16
500	42
500	1
500	2
500	73
2955	68
2955	14
2955	16
2955	1
2955	2
2955	47
1013	45
1013	49
2370	69
2370	37
190	45
190	49
190	43
571	13
571	74
860	69
860	44
860	2
860	19
2819	38
2819	27
3757	67
3757	17
4297	68
4297	17
4297	29
4297	27
4297	43
368	16
368	62
368	11
368	1
2	74
2883	45
2883	43
2995	45
2995	43
2995	61
176	68
176	69
176	7
621	35
621	49
621	73
621	19
1327	42
1327	64
805	42
805	13
805	62
805	1
805	50
805	73
1228	17
1228	16
1228	44
1228	49
1228	2
1228	3
1228	25
3191	17
3191	16
3191	44
3191	49
3191	2
3191	3
3191	25
3329	42
3329	1
3329	49
4291	74
1729	40
1729	38
540	52
540	40
1856	38
1052	38
1966	38
3797	38
1333	17
1333	38
4175	38
426	38
1644	38
1017	38
3336	38
3336	27
4339	38
4004	17
1460	59
1460	55
2278	42
2278	71
4013	68
4013	16
4013	48
4013	45
4013	62
4013	27
4013	51
4013	43
4013	2
4013	59
4013	55
2791	16
2791	59
2791	23
2791	55
3426	44
1771	17
1771	44
1771	12
1771	13
1771	62
1771	27
1771	55
2926	50
2926	54
2926	23
2926	74
2280	16
2280	27
2280	43
2280	50
2280	53
2280	73
2280	54
2280	23
2280	24
2280	74
4290	38
4290	29
4290	43
153	29
153	43
178	17
178	38
178	62
1580	68
1580	38
1580	29
1580	12
1580	27
1297	65
1297	42
1297	44
1297	55
4007	68
4007	13
4007	27
4226	50
4226	2
4271	69
4271	42
1304	67
1304	68
1304	69
1304	19
1042	64
1042	2
1042	55
1356	45
1356	44
1356	43
249	69
249	17
249	64
249	2
249	74
1896	16
1896	62
1778	16
2158	44
2158	62
3439	42
3439	44
2301	16
2301	74
3379	16
3379	44
3379	13
1942	38
1942	13
1942	62
1942	49
4109	54
4109	23
4109	74
705	38
705	64
1594	38
1594	64
2380	17
2380	42
2380	64
1480	16
1480	38
1480	64
2909	38
2909	64
834	38
834	64
600	38
600	64
3688	16
3688	38
3688	64
2759	16
2759	38
2759	64
2759	74
687	38
687	64
4118	38
4118	64
3479	38
3479	64
2963	38
2963	64
4163	38
4163	29
4163	12
4214	68
4214	27
4214	49
4214	51
4214	43
408	70
408	43
2056	30
4286	42
4286	38
4286	39
1316	38
1316	29
1316	64
1316	49
1247	67
1247	38
1247	29
3253	16
3253	29
1146	29
276	13
276	62
1170	29
2850	71
1140	39
1140	71
1140	64
1140	49
3391	71
1883	30
2431	38
2431	29
2431	27
2499	36
2499	16
2499	62
2499	64
2499	50
2499	54
2499	74
3657	44
3657	23
239	38
239	39
239	64
2856	38
2856	39
2856	64
1672	38
1672	2
6	38
6	39
3298	30
4146	38
4146	29
4146	27
2222	29
3624	38
3624	64
766	30
2418	16
2418	30
2418	74
1534	38
1534	27
1534	49
1534	43
912	49
1088	67
1088	17
1088	16
1088	38
1088	64
1393	38
1892	44
188	16
188	44
188	23
1100	39
1662	68
1662	16
1662	44
1662	50
1662	74
758	38
758	43
3109	68
3109	16
3109	44
3109	50
3109	19
3109	23
3109	74
1263	68
1263	40
1263	16
1263	44
4152	68
4152	16
4152	44
4152	50
4152	74
904	68
904	16
904	44
904	50
904	74
3219	16
3219	64
3219	2
3219	54
3219	19
3219	74
1053	38
2855	38
2855	12
813	67
813	17
813	16
813	38
813	74
1887	67
1887	38
1887	64
2208	17
2208	16
2208	38
2208	31
1675	29
1675	30
3928	38
3928	64
1509	38
837	38
837	12
798	38
798	12
560	38
501	38
501	39
501	29
257	45
257	64
257	43
3945	38
3945	30
2134	30
871	38
871	30
871	31
871	64
871	49
195	29
3589	42
3589	64
1704	55
1040	16
1040	30
1040	74
3071	68
3071	16
3071	13
3071	27
3071	49
3071	43
3071	15
2802	38
2802	30
2802	31
1727	17
1727	16
1727	42
1786	30
1786	19
1396	38
1396	45
1396	64
1396	49
1396	43
3742	42
3742	38
3742	39
3742	64
3969	67
3969	16
3969	38
2492	67
2492	38
3806	67
3806	38
4155	67
4155	17
4155	38
4155	29
950	67
950	38
2014	67
2014	38
1321	67
1321	38
1397	67
1397	38
1397	19
4153	67
2195	17
2195	38
2195	2
3340	67
3340	38
2536	42
2536	64
1991	42
1991	64
1991	55
2275	42
2275	64
3789	42
3789	64
3733	42
3733	64
535	42
535	64
2917	42
2917	64
1272	42
1272	64
1272	19
4388	42
4388	64
3371	42
3371	64
4144	42
4144	64
1734	69
412	42
412	64
2392	23
1392	42
1392	64
2694	42
2694	64
3814	42
3814	64
3814	2
119	42
119	64
119	2
2166	42
2166	64
1955	42
1955	64
347	42
347	29
465	29
2308	16
2308	38
569	38
569	64
50	38
3313	17
3313	42
3313	27
3313	49
2131	38
2131	62
2131	27
2131	49
1868	17
1868	42
1868	45
1868	27
1868	49
1868	43
3590	17
3590	42
3590	31
3590	27
3590	49
3475	17
3475	42
3475	27
3475	49
1967	49
4094	68
4094	17
4094	16
4094	42
4094	27
1469	45
1469	43
4059	17
4059	42
945	17
945	42
107	17
107	16
107	55
588	16
588	42
588	64
213	17
213	55
1513	17
4249	17
4249	16
4249	42
2261	17
2261	16
2261	42
118	17
118	42
1881	17
1881	16
1881	42
1881	62
1881	55
4281	42
319	42
3914	42
4325	65
4325	69
4325	42
4325	73
4325	74
1102	42
324	42
1361	42
3351	69
3351	36
3351	42
3351	73
3351	74
3531	42
3531	38
3531	64
3456	71
2960	42
2960	19
3710	42
2306	69
2306	42
2539	38
2539	64
3114	38
3114	64
1899	38
1899	64
2663	38
2663	64
2834	38
2834	64
4031	38
4031	64
4257	38
4257	64
1000	17
1000	42
3111	29
4251	29
2509	29
3046	29
3299	64
2513	16
2513	29
2513	23
2223	17
2223	16
2223	12
2223	62
2223	55
2223	24
2223	74
1084	16
1084	24
1735	38
1735	64
3869	44
3869	13
1047	44
1047	13
470	44
470	13
714	16
714	44
714	13
714	2
2051	38
2051	44
2051	13
2141	13
2524	13
1286	13
1286	34
4228	13
521	13
521	34
1800	68
1800	17
1800	16
1800	44
1800	13
1800	27
3707	68
3707	44
3707	13
3707	27
1058	68
1058	44
1058	13
1058	27
3994	68
3994	16
3994	44
3994	13
3994	27
2069	44
2069	13
1871	13
1871	34
2518	68
2518	44
2518	2
3028	30
2498	16
2498	30
3335	29
3335	30
3335	31
3335	1
4428	42
4428	38
4428	30
4428	64
215	30
385	68
385	29
385	30
385	27
385	51
3986	30
2932	30
1940	30
254	30
3106	16
3106	42
3106	45
3106	44
3106	49
3106	43
3106	2
3106	54
3106	19
3106	23
3106	55
3106	24
3106	74
2979	45
2979	49
2979	43
1213	45
1213	49
1213	43
1213	55
1973	29
1973	30
2260	38
237	38
237	64
1367	38
1367	64
1193	42
1193	38
1193	64
267	38
267	64
488	42
488	38
488	64
2072	68
2072	42
2072	38
2072	44
2072	11
2072	1
2072	50
572	67
3279	67
927	67
1370	27
946	16
946	44
946	13
946	74
1470	44
1470	13
1470	2
1470	74
2088	44
2088	13
2798	44
2798	13
2798	2
2798	74
2950	44
2950	13
815	44
815	13
3692	44
3692	13
2237	44
2237	13
3207	44
3207	13
601	44
601	13
2157	16
2157	44
2157	13
2157	2
2157	74
3178	44
3178	13
606	45
606	43
1389	67
2837	38
2837	12
2650	71
891	29
2676	44
2952	65
2952	67
2952	69
2952	16
2952	42
2952	38
183	67
183	69
183	42
183	38
183	74
1481	67
1481	16
1481	42
1481	38
1481	73
1481	74
2206	38
2206	29
2206	19
639	29
639	59
639	74
1226	38
1226	64
1226	49
619	16
619	45
619	49
619	43
2225	67
2225	68
2225	17
2225	38
2225	31
2225	27
1547	45
1547	34
1547	49
1547	43
1547	55
3922	45
3922	62
3922	43
2124	42
2124	59
455	67
455	39
3555	67
3555	16
3555	39
3991	38
3991	39
2018	38
2018	29
2018	27
2776	42
2747	38
2747	64
1521	42
1521	38
1521	64
2516	45
2516	62
2516	49
1059	45
1059	62
1059	49
884	67
884	71
3685	67
3685	16
3685	30
3466	30
1145	39
1816	39
3355	39
1577	38
2083	67
2083	70
2083	19
1281	38
3711	30
3535	69
3535	38
3124	70
3124	45
3124	43
3124	55
3766	48
3766	62
3766	2
3766	23
3149	70
3149	1
3892	67
1335	67
2248	65
3974	38
3974	29
3974	45
3974	1
3974	49
3974	43
3704	44
3704	13
3704	1
4233	38
4233	44
4233	13
4233	1
2491	16
2491	44
2491	12
2491	13
2491	62
2491	27
675	16
675	44
675	12
675	13
675	62
675	27
1630	16
1630	44
1630	12
1630	13
1630	62
1630	27
3240	16
3240	44
3240	12
3240	13
3240	62
3240	27
3240	23
663	16
663	44
663	12
663	13
663	62
663	27
10	44
10	13
3701	17
3701	49
3701	51
3701	43
3701	47
2049	45
2049	44
2049	13
2049	43
303	12
303	62
303	43
4010	12
4010	62
4010	43
1407	45
1407	62
1407	43
1407	26
3034	62
3034	43
2575	12
2575	62
2575	43
4222	65
4222	67
4222	69
4222	14
4222	5
4222	39
4222	58
3367	12
3367	43
314	12
314	43
530	45
530	49
530	43
4127	12
4127	43
1270	43
2103	43
2031	43
3668	43
1604	69
1604	6
1604	7
82	12
82	62
82	34
82	43
82	23
82	74
3524	43
3524	23
1654	12
1654	34
1654	43
1654	23
1654	74
2372	34
2372	43
2372	54
3411	62
3411	43
3411	23
3671	16
3671	62
3671	43
3671	54
3671	23
3671	74
3352	68
3352	69
3352	7
2921	54
2921	23
2921	74
2929	70
2929	16
2929	44
1827	37
1827	29
1827	30
1744	69
1744	6
1744	7
2654	32
2654	16
2654	43
2654	2
2654	54
2654	23
2654	74
861	70
861	44
2027	65
2027	68
2027	69
2027	6
2027	27
2027	58
1229	48
1229	62
1229	2
1229	23
3404	69
3404	73
3404	19
487	48
487	62
487	2
4140	65
4140	69
4140	41
4140	58
514	2
433	29
577	42
577	62
577	2
577	15
134	16
134	42
134	1
3537	40
1757	67
1757	68
1757	17
1757	16
1757	44
1757	50
3074	67
3074	17
1824	67
1824	17
2597	65
2994	65
2994	16
546	42
1362	17
1362	42
1362	74
3881	16
3881	62
3881	73
3881	54
3881	59
3881	23
3881	74
3368	57
3368	50
3368	54
3368	23
3368	74
4164	16
4164	1
4164	50
4164	53
4164	73
4164	54
4164	59
4164	23
4164	24
4164	74
3461	43
1220	43
1345	69
1345	36
1345	19
224	16
224	43
224	74
627	69
627	43
1178	43
1775	43
4194	43
231	43
3586	43
3750	43
1219	70
1219	44
210	70
210	44
2276	36
2276	16
2276	62
2276	64
2276	50
2276	54
2276	74
3303	69
3303	36
3303	2
2228	69
2228	36
2228	2
2443	68
2443	70
2443	16
2443	43
2443	50
2443	74
3638	69
3638	42
3638	50
3234	68
3234	69
3234	44
1061	54
3645	16
3645	1
3645	50
3645	19
3645	23
3645	24
3645	74
1018	62
1018	2
1463	48
1463	62
1463	2
4352	74
3661	38
3661	29
3661	12
3661	43
2634	62
2634	43
2634	2
2634	73
2634	54
2634	19
2634	23
2634	74
2970	62
2970	43
2970	2
2970	73
2970	54
2970	19
2970	23
2970	74
653	65
653	66
4053	71
3176	38
3176	64
413	42
413	38
413	64
413	49
4416	17
4416	16
4416	38
4416	64
1347	42
1347	64
2736	38
2736	12
2736	64
2736	43
1981	38
4244	30
1674	64
874	38
874	29
4023	38
4023	29
440	39
3360	17
3360	16
3360	42
3360	1
4027	68
4027	17
4027	16
4027	42
4027	44
2749	17
2749	42
2749	44
2749	12
2749	34
2749	59
2749	55
2642	17
2642	42
2642	12
2876	42
104	42
466	48
466	62
466	2
466	23
4145	31
2964	68
2964	17
2964	16
2964	44
2820	48
2820	62
2820	2
2820	23
24	68
24	17
24	16
24	44
24	54
24	74
22	16
22	1
2136	16
2136	1
1780	17
1780	16
1780	1
1780	73
1780	54
1780	23
1780	74
3409	66
3409	67
3409	69
3409	5
3409	32
1026	16
1026	57
1026	73
1026	54
1026	19
1026	23
1026	74
1501	69
1501	16
1501	57
1501	73
1501	54
1501	59
1501	19
1501	23
1501	74
1578	69
1578	16
1578	57
1578	73
1578	54
1578	59
1578	19
1578	23
1578	74
3373	69
3373	16
3373	57
3373	73
3373	54
3373	59
3373	19
3373	23
3373	74
4426	16
4426	54
4426	23
4426	74
3882	17
3882	16
3882	2
3151	69
3151	1
3151	50
3151	73
3151	54
3151	19
3151	23
3151	24
3151	74
4246	38
4246	64
1354	38
1354	64
1884	67
1884	16
1884	42
1884	38
1884	73
4069	12
4069	62
4069	2
4069	56
849	67
849	42
849	38
3140	43
4323	43
721	17
721	16
721	64
1659	65
1659	58
1825	68
1825	17
1825	42
1825	44
1825	73
1825	10
1825	74
1165	70
1165	17
1165	42
1165	44
1165	73
1165	74
93	17
93	16
93	27
4126	70
3993	16
3993	62
3993	34
3993	49
3993	50
3993	2
3993	73
3993	54
3993	23
3993	24
3993	74
1545	29
1545	64
1545	56
4182	45
4182	13
4182	43
2394	67
2394	38
2394	1
2754	68
2754	69
2754	36
2754	42
2754	38
2754	44
2754	1
2754	54
2817	36
2817	16
2817	31
2817	13
2817	74
894	68
894	16
894	44
894	2
894	54
894	23
894	24
894	74
3553	16
3553	48
3553	62
1905	17
1905	42
1905	64
610	32
610	43
610	2
610	73
610	19
610	74
1864	68
1864	69
1864	16
1864	44
1864	54
1864	23
1864	24
1864	74
4066	68
4066	69
4066	16
4066	44
4066	54
4066	19
4066	23
4066	24
4066	74
3853	30
3474	68
3474	16
3474	44
3474	54
3474	23
3474	24
3474	74
531	64
531	49
33	17
33	16
33	62
33	2
33	54
33	10
33	23
33	74
1344	17
1344	16
1344	54
1344	10
1344	23
1344	74
3380	38
3380	29
3380	27
1314	17
1314	42
1314	44
1314	10
3390	65
2251	38
2251	12
2251	64
2879	38
2879	27
1222	38
1222	27
1209	74
2212	38
3985	68
3985	38
678	30
678	56
997	7
997	18
3078	68
3078	48
3078	45
3078	27
3078	43
3078	2
3442	48
3442	45
3442	62
3442	43
3442	2
2144	17
2144	27
2553	45
2553	43
2553	61
797	64
3322	54
1583	38
3137	42
3137	38
3137	64
1439	42
1439	38
1439	64
1078	68
1078	27
1078	51
2638	45
2638	34
2638	43
398	34
398	43
398	54
970	68
970	17
970	42
970	27
196	68
196	17
196	42
196	27
3699	42
3699	2
1243	68
1243	13
1243	27
229	16
229	1
3973	49
3973	51
3973	47
831	16
831	62
831	1
1133	67
4326	38
4326	64
2844	42
2844	38
2844	62
2844	64
252	38
252	64
255	34
255	43
3221	48
3221	62
3221	2
463	62
463	43
2758	62
2758	43
2935	43
3183	43
1665	45
1665	43
3002	52
3002	40
3002	12
3598	52
3598	40
3598	12
3598	49
2226	52
2226	40
2226	49
2576	52
2576	40
2576	49
1288	52
1288	40
1288	49
322	48
322	2
1010	17
1010	16
1010	42
1010	44
1010	2
1810	69
1810	17
1810	42
1810	73
1467	17
1467	16
1467	44
2961	17
2961	16
2961	42
2961	44
361	67
361	38
361	49
612	16
1190	16
4421	17
2945	68
2945	17
2945	16
2945	64
2945	27
2945	1
1378	17
1378	16
1378	64
1378	27
1378	1
3362	17
3362	16
3362	64
3362	1
4116	68
4116	42
4116	44
2559	42
2559	44
2559	1
200	68
200	42
200	44
2364	48
2364	2
2096	38
2096	12
2096	62
2096	64
4356	38
4356	12
4356	64
387	38
387	12
387	64
3004	38
3004	64
1533	67
1533	16
1533	50
1533	73
1533	74
4062	68
4062	16
4062	62
4062	1
4062	73
4062	54
3824	67
3824	62
3824	50
3824	54
3824	23
3824	74
1334	65
4073	68
4073	48
4073	45
4073	27
4073	1
4073	49
4073	43
4073	2
746	67
746	40
746	38
746	64
746	1
1384	67
1384	38
1384	64
1188	38
1188	56
1743	67
3852	17
3852	27
3852	10
2386	17
2386	16
2386	45
2386	44
2386	62
2386	2
2386	55
2448	17
2448	16
2448	64
2448	2
2448	73
1450	70
1450	17
1450	13
4248	16
4248	44
4248	13
4248	1
1394	17
1394	42
1689	17
1276	29
1276	19
3841	65
1846	49
1846	43
825	38
825	49
825	43
3330	17
3330	42
3330	44
3988	17
3988	42
3988	44
3988	62
3988	74
3823	16
3823	42
3823	1
1159	43
724	67
724	12
724	62
724	43
724	73
724	54
724	19
724	23
724	74
289	42
591	17
591	42
591	44
4026	42
1619	42
1598	38
1598	44
1598	64
1598	54
1984	38
1984	29
1984	64
1669	38
1669	39
1669	29
1669	64
3889	38
3889	39
3889	64
2534	38
2534	64
1975	50
1894	2
3139	38
3139	39
2245	38
2245	29
2245	64
2641	65
2641	69
2207	38
2207	39
2207	64
177	38
177	29
177	62
3540	67
3540	17
3628	12
3628	13
3628	62
3628	2
3990	38
3990	29
3990	64
1625	17
1625	42
1625	44
1625	55
1479	17
1479	42
1479	44
1479	55
356	70
3746	42
355	29
355	44
355	54
355	74
2209	48
2209	44
2209	49
3435	43
3296	43
3753	13
3753	43
3263	45
3263	43
2002	43
2002	21
2287	45
2287	43
2752	43
3656	17
3656	16
3656	13
3656	10
2266	42
2266	2
2266	4
632	38
632	12
632	62
632	43
632	54
632	23
632	74
2121	16
2121	62
2121	43
2121	74
4423	16
4423	62
4423	43
4423	74
1529	16
1529	62
1529	43
1529	74
1961	16
1961	62
1961	43
1961	74
1118	16
1118	62
1118	43
1118	74
581	45
581	1
581	43
453	38
453	27
129	38
129	64
4095	29
2365	29
2365	48
682	42
2438	17
2438	42
2438	30
3815	17
3815	42
2763	71
4104	71
1041	49
1041	43
1041	47
1296	6
1296	49
1296	43
1296	47
1767	1
1767	43
3858	29
3858	30
3858	56
278	30
2120	69
2120	40
2120	37
4114	30
981	65
981	68
981	31
981	44
2589	38
3910	38
3832	31
3832	27
3734	48
3734	62
3734	2
3734	23
3262	68
3262	69
3262	70
3163	1
3163	43
3235	12
3235	43
4362	43
3070	45
3070	43
3597	43
4334	16
4334	42
4334	1
4334	43
3831	70
3831	44
3831	19
381	16
381	13
3285	68
3285	44
3285	11
3285	1
3285	50
80	69
80	42
2843	17
2843	44
2843	55
2541	17
2541	42
2541	44
1415	17
3538	64
3538	47
2474	17
2474	42
2474	44
1332	17
1332	42
1332	44
274	17
274	42
274	64
2557	32
2557	16
2557	43
2502	19
4309	65
4309	6
785	69
785	5
1283	42
1283	13
1283	1
1283	2
1283	47
4312	54
4312	23
4312	74
2865	67
2865	45
2865	49
2865	43
962	65
962	68
1607	70
1607	6
4414	68
4414	70
4414	16
4414	44
4414	2
4414	55
679	70
679	62
3695	12
3695	43
2790	45
2790	62
2790	43
3232	14
3232	44
1315	42
718	65
718	67
718	68
393	67
393	38
393	62
1435	42
1435	38
1435	64
1435	49
4112	31
4097	68
4097	40
4097	31
4245	71
2554	32
2554	12
4208	16
4208	42
4208	44
4208	12
4208	13
4208	62
4208	27
2696	38
2696	64
4253	17
4382	68
4382	44
4382	13
4382	27
3636	17
3636	42
3636	44
3636	73
3222	17
3222	42
3222	64
206	45
206	49
206	43
206	55
1832	68
1832	42
1832	27
2292	16
389	68
605	68
605	40
605	32
599	1
599	19
1305	69
3912	16
3912	62
3912	59
3912	74
1776	30
1150	68
1150	69
1150	27
522	43
2925	17
2925	62
3086	17
3086	42
4238	17
3878	13
3878	62
3878	19
4078	69
4078	41
4078	58
2181	69
2181	41
2568	65
2568	69
2568	70
2568	14
2568	18
2568	41
1336	29
1336	56
2794	68
2794	16
2794	44
2794	54
2794	23
2794	74
2215	68
2215	27
2215	51
265	49
265	51
265	43
265	47
3420	38
3420	64
4401	68
4401	16
4401	44
4401	74
1484	30
2288	29
2288	62
2288	64
2300	38
2300	2
1456	38
1456	64
790	71
1524	17
1524	42
2111	16
2111	12
2111	62
2111	43
2111	2
2111	54
2111	23
2111	74
1437	16
1437	12
1437	62
1437	43
1437	73
1437	23
1437	74
3186	23
1572	70
2470	29
2470	45
2470	49
2470	43
456	70
1814	49
1814	43
1814	47
3105	65
3105	69
3635	71
1627	65
1390	38
3971	38
760	67
760	38
760	64
1613	16
1613	38
1192	38
1645	62
1645	43
1182	68
1182	69
1182	7
1182	27
3926	16
3926	1
3514	73
3514	54
3514	59
3514	74
4121	38
4121	64
383	65
383	14
383	44
4296	44
1789	65
1789	6
1789	40
1789	44
1648	65
1648	6
1648	44
3237	38
3237	29
3237	27
1601	67
1601	38
1601	31
1601	3
3317	69
3317	36
4347	69
4347	36
3722	44
2768	44
2821	68
2821	16
2821	27
2821	55
513	17
513	16
513	42
513	64
3255	17
3255	16
3255	42
3255	62
3255	1
3255	19
2402	16
1544	68
1544	16
1544	64
1544	27
3523	68
3523	16
3523	27
3523	74
808	16
2429	17
2429	27
2440	65
2440	66
2272	17
2272	27
1596	17
1596	16
1596	27
744	56
4333	42
2631	16
2631	42
2351	69
2351	42
2351	73
2351	74
1443	42
3090	42
3418	42
3547	42
3547	62
3194	42
2231	17
2231	42
3053	49
3053	43
2598	65
2598	69
2598	42
2598	73
2598	74
2071	69
2071	42
2203	69
2203	42
3807	68
3807	69
3807	16
3807	42
3807	44
3843	17
3843	42
3843	44
3843	1
3843	55
379	68
379	70
379	45
379	43
379	2
379	25
285	69
285	7
285	33
2902	42
877	17
877	16
877	42
877	44
877	55
504	68
504	17
504	16
504	64
504	27
823	68
823	17
823	16
823	64
823	27
3611	42
3611	64
3045	29
3045	64
3045	56
3738	29
3738	56
121	29
121	56
2294	29
2294	30
2294	56
4371	29
4371	30
4371	56
3200	29
3200	56
1895	29
1895	56
2984	29
2984	56
2854	29
2854	56
1106	29
1106	56
1711	29
1711	56
2172	29
2172	56
730	29
730	56
2366	29
2366	56
957	29
957	56
1946	29
1946	56
542	69
542	70
542	43
3663	29
3663	56
1091	40
1091	29
1091	56
2217	29
2217	56
3899	29
3899	56
3886	68
3886	17
3886	16
3886	44
3886	54
158	40
158	29
158	56
4052	29
4052	56
1694	17
1694	42
1673	29
1673	30
1673	56
1722	29
1722	56
841	29
841	56
3999	29
3999	56
716	29
716	56
1985	29
1985	56
4132	29
4132	56
2312	29
2312	56
2590	29
2590	56
275	29
275	56
2823	29
2823	56
536	29
536	56
1434	29
1434	56
2220	29
2220	56
3026	38
3026	39
509	40
509	29
509	56
447	16
447	74
1746	29
1746	56
921	29
921	56
2170	62
2170	43
325	69
325	17
325	42
325	73
357	70
2240	29
2240	56
4393	40
4393	29
4393	56
4404	29
4404	56
4159	29
4159	56
4020	29
4020	30
4020	56
3727	29
3727	56
345	29
345	56
1740	29
1740	56
2962	17
2962	16
2962	42
2962	44
2962	55
868	40
868	29
868	56
2090	42
2090	38
2090	29
2090	56
2361	29
2361	56
2185	29
2185	30
2185	56
3794	29
3794	56
4056	40
4056	29
4056	56
209	42
209	44
209	13
4410	29
4410	56
130	68
130	17
130	16
130	27
130	2
4282	65
1003	68
1003	17
1003	64
1003	27
4196	67
4196	68
4196	17
4196	16
4196	44
4196	2
3321	17
3321	64
1898	17
1898	38
1898	3
1797	17
1797	16
1797	2
4090	17
4090	2
2129	17
2129	2
2129	73
2129	55
2268	17
2268	64
3132	17
3132	64
1736	17
1736	64
4240	17
4240	16
4240	27
4240	15
4240	55
1643	17
1643	16
1643	2
1643	55
3085	45
3085	49
3085	43
27	45
27	44
27	13
27	43
1103	17
1103	16
1103	74
2197	70
2197	16
2197	43
2197	50
2197	74
2043	32
2043	16
2043	43
2043	24
2043	74
1769	16
1769	60
1769	54
1769	23
1769	74
1431	32
1431	43
1431	25
1431	24
1431	74
1073	32
1073	16
1073	49
1073	43
1073	73
1073	72
1073	74
3494	16
3494	22
3494	43
3494	73
3494	54
3494	23
3494	74
3921	62
3921	49
3921	43
3921	73
3921	23
1312	38
1312	64
1312	49
1312	73
1593	38
1593	64
1593	49
1593	73
1593	54
1593	23
1593	72
1593	74
164	68
164	16
164	44
164	24
164	74
3393	17
3393	42
1713	68
1713	16
1713	44
1713	24
1713	74
1886	16
2639	68
2639	27
2859	42
2859	54
2859	74
2022	39
3951	29
3951	30
2782	17
3552	68
3552	17
3552	42
3552	27
4148	17
4148	55
2395	17
2395	42
2395	54
2395	74
649	45
649	44
649	57
649	43
649	25
649	74
127	16
127	45
127	44
127	43
127	61
127	74
3216	48
321	38
321	29
321	27
3561	67
3561	42
3561	38
2167	70
2167	14
2167	44
2167	12
686	48
686	2
942	42
942	29
942	45
942	34
942	49
942	43
942	55
2293	29
2293	56
1083	45
1083	34
1083	49
1083	43
1083	55
1319	29
1319	34
1319	49
1319	43
1319	55
4409	38
4409	45
4409	34
4409	49
4409	43
4409	55
3374	45
3374	51
3374	43
2829	68
2829	17
2829	42
2829	27
2829	73
3724	17
3724	42
3724	73
2740	17
2740	42
2740	73
624	17
624	42
624	73
549	68
549	17
549	42
549	27
549	73
3276	17
3276	42
3276	73
1445	70
1445	17
733	68
733	27
733	4
537	69
537	7
3769	69
3769	44
3719	69
3719	44
3719	12
142	45
142	34
142	49
142	43
142	55
142	74
2482	69
2482	44
3120	69
3120	16
3120	44
3620	16
3620	48
3620	62
3620	23
4200	16
4200	48
4200	62
4200	23
344	48
344	62
344	23
1822	48
1822	62
1822	23
4180	17
4180	38
4180	30
3740	17
3740	38
3740	19
2210	43
2242	38
2242	64
4321	42
4321	64
3353	69
3297	68
3297	17
3297	27
3297	56
4303	17
4303	44
4303	13
4303	43
4303	73
4303	25
4303	74
2060	65
2060	66
2060	67
2060	27
2060	58
4110	69
4110	7
4110	18
792	7
792	18
778	69
778	14
778	7
778	18
778	62
4327	12
4327	62
4327	2
2303	62
2303	73
2303	74
2168	45
2168	62
2168	43
2168	25
4123	69
4123	36
4123	44
4123	13
801	45
801	43
801	25
1748	45
1748	43
1748	19
1748	25
964	45
964	27
964	43
964	25
4088	12
4088	1
4088	49
4088	25
1379	45
1379	43
1111	68
1111	69
1111	7
2659	38
2659	12
2659	13
2659	27
2659	2
2659	73
4300	68
4300	16
4300	44
4300	50
4300	2
4300	54
4300	19
4300	23
4300	74
2757	17
4213	17
4213	2
3202	17
3202	16
2625	17
2625	2
2756	17
2756	16
2756	27
2252	38
75	44
75	13
2808	44
2808	13
919	69
919	7
4017	66
4017	68
4017	44
4017	54
2948	68
2948	44
2948	50
2117	68
2117	36
2117	16
2117	48
2117	27
2117	2
2117	73
2117	74
1175	12
1175	13
1175	1
1175	2
3891	17
3891	2
3891	55
253	45
253	34
253	49
253	43
253	55
2163	68
2163	44
3189	38
3189	27
3679	17
3679	42
3679	64
3487	42
3748	29
3748	56
2977	38
2977	55
1960	62
3923	30
1324	16
1324	23
3557	70
3557	42
3743	74
3981	16
3981	23
557	62
557	34
557	50
557	73
557	54
557	23
557	74
1306	16
1306	44
1306	13
1808	42
1808	38
3434	68
3434	44
3434	1
3434	50
3434	73
1085	68
1085	17
1085	16
1085	62
1085	64
1085	27
1085	2
1085	55
1141	68
1141	45
1141	44
1141	43
2786	65
2786	14
2786	17
994	68
994	44
3756	67
3756	42
3756	27
1007	42
1007	38
1007	64
1007	49
3522	69
3522	17
3522	42
3522	73
1097	38
1097	64
910	38
910	27
2987	17
2987	42
2987	64
2648	70
1420	70
1420	29
1420	56
1080	68
1080	38
1080	27
401	38
401	64
807	42
807	38
807	29
807	62
1614	44
1614	13
1614	2
1614	74
1677	12
1677	49
1677	51
1677	43
1677	47
370	71
3057	17
3057	16
3057	13
3057	1
3057	2
3057	19
1731	17
1731	16
1731	2
3465	43
3465	23
3465	74
645	17
3108	17
3108	42
3245	65
3245	17
3245	42
2304	16
2304	48
2304	45
2304	1
2304	43
2304	2
2572	17
2572	16
2572	2
2572	73
2572	59
2572	55
365	65
1928	65
1056	67
1056	17
3134	70
3134	44
3134	50
2552	69
2552	7
281	70
281	44
1067	67
1067	27
4417	68
4417	17
4417	16
4417	42
4417	44
1205	70
1205	51
2569	17
2569	16
2569	64
2569	27
2569	1
4383	16
4383	42
4383	2
3290	1
3290	50
3290	53
3290	73
2797	68
2797	16
2797	42
2797	44
2797	13
2797	1
2797	2
2797	74
2896	7
2896	13
2896	43
4215	67
4215	17
4215	64
4215	22
4215	19
1701	71
1877	42
1877	2
856	42
856	64
2390	42
2390	64
827	42
827	64
1418	42
1418	64
485	42
485	64
4130	16
2501	17
2501	16
2501	42
2396	42
2396	64
4167	69
1995	70
1995	42
3680	17
3680	42
3680	44
3680	73
3680	54
3680	74
538	59
538	74
2182	42
2182	62
3187	29
1531	65
1531	67
1531	69
1531	14
1531	5
1531	39
1531	58
2646	67
2646	38
2368	65
2368	67
2368	69
2368	70
2368	14
4307	13
2033	68
2033	42
2033	44
2033	13
2033	27
3762	44
3762	13
4061	17
2063	42
2063	45
3158	68
3158	17
3158	16
3158	62
3158	64
3158	27
3158	1
3158	8
3804	44
3804	13
3804	22
3804	73
309	44
309	73
3301	44
4385	44
4385	73
476	44
476	73
2023	67
2023	31
3574	68
3574	44
3574	2
533	16
533	62
533	43
533	23
3006	43
3006	19
3006	23
2899	45
2899	62
2899	43
2899	21
2899	24
3828	16
3828	64
3828	49
3828	73
527	69
527	17
527	42
527	45
527	62
527	49
366	16
366	62
366	23
3539	70
3539	42
3539	1
1476	70
3903	68
3903	1
3903	2
3903	73
4170	69
4170	7
4170	33
1001	45
1001	34
1001	49
1001	43
1001	55
114	38
114	45
114	34
114	49
114	43
114	55
592	45
592	34
592	49
592	43
592	55
592	74
676	38
676	45
676	34
676	49
676	43
676	55
676	74
949	44
949	12
949	34
949	43
3935	44
3935	13
3935	1
3935	43
1555	45
1555	62
1555	49
1555	51
1555	43
3289	69
3289	44
3654	69
3654	44
3654	19
3654	23
3654	74
3857	45
3857	49
3857	51
3857	43
2284	45
2284	49
2284	51
2284	43
405	45
405	49
405	43
405	55
482	69
482	44
482	19
2307	65
2307	58
3044	68
3044	69
3044	14
2318	65
2318	58
3023	64
4345	65
4345	67
4345	69
4345	70
4345	14
4141	17
4141	16
4141	42
4141	44
1290	17
1290	16
1290	44
1221	67
1221	42
1221	38
1221	73
1221	59
3170	17
3170	64
3170	56
332	42
2505	17
2505	44
170	17
170	42
170	44
170	62
170	73
170	10
1525	69
1525	19
4084	17
4084	16
4084	42
4084	64
4084	55
4316	17
4316	42
4316	62
4316	2
4316	73
4316	15
4316	10
4316	55
1277	16
1277	30
1277	62
1277	2
3809	48
3809	62
3809	2
3809	23
4204	66
4204	67
4204	69
4204	16
4204	1
4204	50
4204	47
4204	73
3833	49
3833	43
427	68
427	44
427	47
1710	12
1710	62
1710	43
1710	54
1710	19
1710	23
1710	74
2019	2
2019	73
2019	23
1025	19
1031	68
1031	70
1031	43
1031	50
1031	19
604	12
604	54
604	23
604	74
1423	43
1423	54
1423	23
1423	74
1840	70
1647	38
1647	62
3396	38
3396	62
710	62
710	43
887	62
887	49
887	43
887	25
643	45
643	43
3082	38
74	42
74	38
503	38
503	12
503	64
21	73
3575	38
3575	12
3575	64
2592	68
2592	69
2592	44
2592	62
2592	11
2592	1
2592	50
2592	2
2592	46
2592	54
2592	10
2592	74
247	68
247	69
247	42
247	44
247	50
247	46
247	74
2154	68
2154	69
2154	7
2154	17
2154	44
3288	68
3288	69
3288	44
3288	50
3898	68
3898	42
3898	44
3898	50
3898	10
3898	74
517	69
517	42
517	1
517	2
517	61
1755	69
1755	17
1755	42
1755	73
748	17
748	42
2066	69
2066	17
2066	42
2066	73
3785	17
3785	42
2102	65
2102	14
2102	6
2102	19
2130	65
2130	14
2130	6
431	49
431	51
431	47
388	16
388	55
388	74
3102	16
3102	55
3102	74
3915	38
1761	42
2401	17
2401	42
2401	44
2401	55
2449	17
2449	42
2449	44
2449	1
2449	55
524	69
524	17
524	42
524	44
524	1
524	55
1612	17
1612	42
1612	44
1612	1
1612	55
4037	17
4037	42
4037	44
4037	1
4037	55
3609	17
3609	16
3609	42
3609	44
3609	55
2422	44
2422	13
1676	44
1676	55
1438	44
1438	55
2421	17
2421	45
2421	43
2586	69
2586	16
2586	42
2586	1
2927	45
2927	62
2927	49
102	45
102	49
349	45
349	62
349	49
998	68
998	48
998	45
998	62
998	27
998	43
998	2
3906	48
3906	62
3906	2
3906	73
3906	54
1208	2
1208	3
3861	16
3861	42
3861	1
4366	17
4366	16
4366	64
4369	38
4369	27
1564	68
1564	16
1564	44
1564	73
1564	54
2415	64
2415	49
2884	42
3603	2
2324	38
2324	30
2324	64
2324	49
1679	45
1679	49
1679	43
1845	62
1845	60
1845	54
1845	23
1845	74
1589	38
1783	44
1783	2
3155	42
495	16
495	42
3784	16
3784	42
1298	17
1298	16
1298	42
1298	44
1298	55
128	17
128	42
128	64
4012	16
4012	42
1920	17
1920	16
1920	42
1920	44
1920	55
1147	16
1147	42
3947	68
3947	69
3947	38
3947	44
3947	2
3947	73
3947	54
3947	56
3947	74
2777	14
2777	6
3402	16
3402	31
3402	62
3402	50
3402	54
1801	48
1801	62
1801	2
1801	23
122	49
122	43
2908	30
2533	30
2533	31
1617	30
4029	70
4029	17
4029	42
4029	2
4029	73
3961	68
3961	30
3961	27
4093	42
2347	42
4103	42
953	42
2799	65
2799	14
2799	42
2986	27
2477	45
2477	44
2477	51
2477	43
2477	25
3236	69
3236	44
3236	19
45	65
45	69
45	33
3416	65
3416	69
3416	33
4048	42
2645	42
2497	48
2497	45
2497	44
2497	62
2497	2
3485	16
3485	1
3485	2
1123	27
1123	49
1123	51
1123	4
1044	68
1044	42
1044	44
1044	27
1044	50
1044	73
1044	74
703	69
703	42
703	27
703	1
703	2
703	73
703	54
703	23
703	74
4113	68
4113	42
4113	44
4113	27
4113	50
4113	74
1383	69
1383	36
1383	2
4041	49
4041	43
4041	47
4413	66
4413	67
4311	65
4311	66
4311	69
3254	66
3254	67
3254	69
3254	42
3254	19
3776	68
3776	69
3776	36
3776	2
3089	69
3089	36
3089	2
1709	70
3653	69
3653	36
3653	1
3653	2
1558	65
828	65
987	69
987	36
987	19
3338	16
3338	42
820	42
2815	16
2815	23
2912	16
2912	23
1027	16
1027	23
2481	44
2481	1
2230	44
2230	1
3347	7
3347	44
3347	13
2614	44
2614	13
763	69
763	16
763	42
1380	68
1380	16
1380	44
1380	50
1380	2
1380	73
1380	54
1380	74
1809	19
2335	69
2335	13
2335	35
616	42
1504	69
1504	14
1504	37
1623	49
1623	51
1623	43
1623	47
3175	52
3175	47
3678	36
3678	49
3678	51
3678	43
3678	47
3484	12
3484	49
3484	51
3484	43
3484	47
78	12
78	49
78	51
78	43
78	47
98	49
98	51
98	43
98	47
1161	49
1161	51
1161	43
1161	47
3634	68
3634	45
3634	12
3634	49
3634	51
3634	43
3634	47
415	45
415	62
415	49
415	43
3648	45
3648	62
3648	43
2690	45
2690	43
2690	25
384	45
384	43
384	72
1216	68
1216	45
1216	27
1216	43
1216	26
1216	25
1189	13
1189	43
1189	2
1189	73
3122	69
3122	45
3122	43
3122	74
1399	13
1399	1
1399	25
3796	45
3796	12
3796	62
3796	43
3796	2
3796	73
3796	54
3796	25
3796	74
693	45
693	43
693	72
693	25
2030	45
2030	43
2030	25
2761	45
2761	43
711	62
711	43
711	2
711	54
711	23
711	74
2706	43
923	69
923	44
3213	55
1931	17
1931	2
4381	17
4381	2
71	68
71	38
71	27
71	49
71	51
71	43
1851	27
1851	49
1851	51
1851	4
1851	3
1851	47
3605	17
3605	42
3605	44
3605	55
1405	17
1405	42
1405	44
1405	55
3033	17
3033	16
3033	44
3033	19
3033	55
3033	74
637	17
637	44
637	55
297	17
297	44
297	55
4207	17
4207	42
4207	44
4207	55
4243	17
4243	38
4243	64
4243	49
4243	2
4243	55
3697	69
3697	64
3697	50
3697	2
3697	15
3697	55
1122	16
1122	62
1122	2
2512	2
2512	3
1637	27
1637	1
3855	44
3855	2
3643	17
3643	16
286	57
286	50
286	54
286	23
286	74
194	38
194	39
2385	68
2385	38
2385	44
2385	43
3357	38
3357	12
3357	62
3357	2
4396	17
4396	42
4396	54
4396	74
3744	65
3744	66
3744	70
3744	16
3744	42
3744	64
1543	68
1543	27
1543	2
1543	3
1543	73
4138	65
4138	39
4138	30
91	68
91	14
777	69
777	45
777	44
988	64
892	64
4223	17
1933	65
1933	66
1933	14
3529	40
3529	71
3529	74
4192	69
4192	7
4192	42
1549	17
1549	16
1549	64
1549	2
1549	55
873	17
873	16
873	64
873	2
873	55
3618	67
3618	38
3618	64
1176	70
1176	44
3152	67
3152	68
3152	17
2774	69
2774	70
2774	6
2774	44
2774	13
1279	16
1279	73
3660	16
3660	73
2656	17
2656	16
1847	69
1847	7
906	1
906	50
906	53
906	73
906	23
906	24
906	74
4189	52
4189	40
4189	32
4189	49
4189	51
4189	43
4189	47
4189	10
4261	39
3980	65
3980	58
875	39
875	31
875	2
4077	39
4077	64
2924	14
2924	40
2924	9
2924	56
1606	16
1606	42
1606	64
1606	2
1606	55
2098	48
3977	67
3977	30
3977	62
1475	43
1236	69
1236	36
2375	48
2375	45
2375	62
2375	49
2375	43
2375	2
1210	56
2507	69
2507	41
2507	56
2349	52
2349	40
2349	32
2349	34
2349	49
2349	51
2349	43
2349	47
2668	68
2668	48
2668	62
2668	27
2668	2
585	69
585	42
585	30
585	62
585	2
4015	12
4015	62
4015	54
4015	23
4015	74
3010	1
3010	43
1244	29
2089	17
2089	42
2089	38
2089	64
1828	68
1828	1
1828	2
1828	73
4151	70
1930	42
1930	50
1930	2
1930	47
2457	65
2457	66
4125	32
4125	58
4125	49
2202	49
2202	43
1715	69
1715	70
1715	19
2080	65
2080	69
2080	41
2080	37
1444	17
1444	64
1444	58
1444	2
1444	4
108	71
505	62
505	23
1621	69
1621	36
528	69
528	50
528	54
528	19
528	23
528	74
3718	68
3718	44
3718	43
3718	23
3686	71
1585	16
1585	45
1585	43
1585	73
3773	16
3773	73
3972	49
3972	43
3972	47
3229	49
3229	43
3229	47
4212	16
4212	73
4032	45
4032	49
4032	43
4032	4
4032	55
1310	69
1310	42
1310	61
4320	17
4320	16
4320	27
1646	43
1646	21
3030	45
3030	43
562	16
562	43
562	50
562	74
1977	27
1977	43
1977	26
507	52
507	40
507	32
507	49
507	51
507	43
507	47
1036	69
1036	36
3493	69
3493	1
809	16
809	62
3795	69
3795	14
3795	7
1939	37
1939	38
2801	69
2801	33
2801	58
2532	6
2532	2
2532	3
473	69
473	37
201	69
201	14
201	7
2236	49
2236	47
143	65
143	66
771	69
771	70
771	14
771	74
2673	62
2673	43
2673	2
2673	54
2673	23
2673	74
802	42
4055	17
4055	44
4055	12
4055	13
4055	62
702	67
702	1
702	50
3854	17
3854	44
3854	12
3854	13
3854	62
1395	17
1395	44
1395	12
1395	13
1395	62
1395	27
1395	2
1395	74
2968	1
2968	43
2968	2
2968	54
2968	23
2851	42
2851	19
4050	68
4050	16
4050	44
4050	2
4050	47
1897	68
1897	69
1897	36
1897	16
1897	42
1897	44
3027	30
3027	31
1904	68
1904	17
1904	16
1904	44
2135	16
2135	23
2918	64
2486	57
2486	43
3527	67
3527	68
1901	68
1901	31
1901	44
1901	50
2540	68
2540	42
2540	44
2540	27
2540	50
2540	74
1657	68
1657	16
1657	44
1657	2
1983	48
1983	62
1983	2
1983	23
839	65
839	69
839	14
1090	68
1090	44
1090	1
1090	50
1090	53
1090	2
1090	73
1090	19
1090	23
2408	16
2550	69
193	16
193	1
3169	44
3169	13
3169	1
3169	54
3169	23
3169	74
2464	40
2464	49
2464	51
2464	43
2476	14
1770	68
1770	69
1770	2
1918	16
1918	23
3389	68
3389	42
3389	44
3389	22
3389	11
3389	1
3389	50
3389	47
3389	73
3389	54
3180	32
3180	43
3180	2
3180	19
3180	74
2976	38
2976	44
2976	12
2976	13
2976	62
2976	27
3174	68
3174	16
3174	44
3174	54
2878	67
3709	54
3709	23
3709	74
446	12
446	62
446	43
446	54
446	23
446	74
4295	69
4295	7
4295	33
4295	36
869	12
869	43
855	12
855	43
855	26
1408	68
1408	16
1408	44
1408	74
4147	65
4147	69
4147	41
4147	58
312	40
312	16
416	42
416	48
416	62
416	2
2471	44
2471	13
2471	2
2471	74
4283	69
4283	41
4283	52
4283	40
4283	58
4283	49
2538	45
2538	43
1051	44
1051	12
1051	13
1051	62
1051	27
1051	1
1051	2
111	65
111	67
111	14
2161	48
2161	62
2161	1
2161	2
2161	54
1020	16
1023	70
526	68
526	44
2822	16
2822	1
2822	54
2822	23
2822	74
17	71
3037	17
3037	16
3037	64
3037	2
3037	73
3037	59
3037	55
1282	62
1282	60
1282	43
1282	2
1282	23
1282	74
2796	66
2796	67
2796	58
2796	2
2796	3
4072	17
4072	42
4072	64
3599	2
3599	3
3599	47
3599	73
31	68
31	42
31	44
31	22
31	11
31	1
31	50
31	47
31	73
31	54
31	19
935	68
935	42
935	44
935	22
935	11
935	1
935	50
935	47
935	73
935	54
935	19
3774	69
3774	36
3774	54
3774	19
2339	49
2339	43
2339	55
4314	71
2523	38
2523	49
2523	43
2523	55
4173	16
4173	45
4173	13
4173	62
4173	49
4173	43
3548	69
3548	16
3548	44
3548	12
3548	13
3548	62
3548	27
3548	43
3548	2
3548	54
3548	74
2511	65
2511	69
2511	16
2511	44
2511	12
2511	13
2511	62
2511	34
2511	27
3571	65
3571	69
3571	16
3571	44
3571	12
3571	13
3571	62
3571	27
3138	68
3138	69
3138	44
3138	62
3138	1
3138	50
3138	53
3138	2
3138	73
3138	23
3043	69
3043	42
2506	69
2506	43
2506	19
2015	6
2015	49
2015	43
2015	4
2015	47
558	38
558	62
558	64
558	49
1497	65
1497	58
260	70
260	44
260	49
3706	45
3706	13
3706	62
3706	43
3706	25
3431	69
3431	59
2783	50
2783	54
3199	42
3199	62
2133	68
2133	16
2133	44
2133	43
2133	2
2133	73
2133	54
2133	74
4427	16
4427	34
4427	74
1781	2
313	40
313	49
313	51
313	43
313	56
3293	2
3293	3
3293	47
125	65
4398	32
4398	58
4398	49
4285	62
4285	43
4285	2
4285	73
4285	54
4285	23
4285	74
117	7
1590	7
1586	7
2067	7
2316	66
2316	7
2316	13
1430	7
1893	17
1893	16
1893	42
1893	74
3930	44
3930	13
3000	66
3000	42
3000	1
3000	73
1245	52
1245	49
1245	51
1245	47
3791	62
2587	49
2587	43
2691	68
2691	44
2691	50
2691	2
2691	47
2310	52
2310	49
2310	51
2310	47
3712	62
3712	73
3712	54
3712	74
791	68
791	44
791	50
791	73
791	74
2989	74
1014	16
1014	43
1014	23
4195	70
4195	44
4195	12
4195	13
4195	62
4195	27
4000	44
4000	12
4000	13
4000	62
4000	2
4000	74
4001	65
4001	14
4001	43
723	65
2508	65
2508	66
3084	56
2906	19
3558	17
1934	68
1934	17
1934	16
1934	44
1934	50
1934	2
41	69
41	45
41	44
41	49
4274	68
4274	44
1813	38
1813	64
3284	69
3284	37
4021	67
830	13
830	62
3414	29
2243	45
2243	62
2243	43
2329	68
2329	16
2329	44
2329	2
2488	49
2488	43
2488	47
3339	17
3339	56
4302	44
4302	49
4302	2
4302	3
1997	44
1997	49
1997	2
1997	3
2525	16
2525	1
2525	59
2910	44
2910	13
2910	73
4273	44
4273	13
4273	73
3156	49
3156	43
4218	16
4218	1
4218	49
4218	54
1254	42
1360	65
1360	14
796	68
796	44
796	50
796	54
2814	12
2814	47
3825	68
3825	16
3825	44
3825	43
3825	2
3825	73
3825	54
3825	74
889	38
889	64
715	67
715	17
715	42
715	38
2461	1
2461	49
2461	43
1795	69
1795	42
1795	30
1795	45
1795	62
1795	2
1639	17
559	17
559	1
811	48
811	45
811	43
811	2
811	19
4406	48
4406	44
4406	49
1120	68
1120	44
2332	44
2332	12
2332	13
2332	62
2332	2
3363	69
3363	62
3363	1
3363	53
3363	2
3363	3
3363	73
640	65
640	5
218	67
218	68
218	16
2881	69
2881	1
2839	57
2839	43
2574	68
2574	14
131	69
131	36
131	73
131	54
131	19
131	74
3890	38
441	49
2677	44
2677	12
2677	13
2677	62
4234	16
4234	42
4234	1
858	16
858	42
858	1
3172	69
3172	7
1664	68
1664	44
1664	50
1664	19
3319	45
3319	11
3319	49
3319	43
3319	56
2042	68
2042	44
2042	53
2042	73
2042	54
2042	23
2042	74
4262	69
4262	70
4262	58
3698	56
2118	69
2118	70
2118	58
2118	2
2118	73
3860	16
3860	62
3860	1
3860	53
3860	73
3860	54
3860	23
3860	74
4162	69
4162	37
3146	29
3146	56
454	65
454	67
454	68
454	33
454	54
2858	68
2858	13
2858	27
550	45
550	44
550	13
550	43
550	25
1295	40
1295	49
1295	51
1295	43
3035	65
3542	68
3542	44
3001	68
3001	27
3001	43
821	67
821	68
159	67
159	38
880	45
880	43
880	61
4400	17
4400	16
4400	62
4400	73
2998	65
2998	58
3198	68
3198	16
3198	44
3198	2
3198	73
3198	54
3198	74
1429	68
1429	16
1429	44
1429	12
1429	43
1429	23
1429	74
251	68
251	16
251	44
1915	40
1915	56
3437	65
3437	68
502	67
502	69
502	16
502	50
502	2
502	73
502	15
502	10
502	74
1557	67
1557	69
1557	16
1557	50
1557	73
1557	15
1557	10
3840	13
1539	42
1539	1
4106	20
4106	1
4106	73
26	62
26	34
26	50
26	23
26	74
1650	17
1650	16
1650	2
573	67
573	17
573	16
573	64
573	2
573	19
3505	67
3505	38
3505	31
3505	27
690	68
690	16
690	44
3079	44
3079	13
3079	22
3079	59
3079	74
689	16
689	42
689	44
689	1
1004	68
1004	30
1004	27
3607	40
3607	49
3607	51
3607	43
2244	70
1381	65
944	62
944	11
65	65
65	69
46	69
46	70
46	74
900	70
1807	68
1807	44
1807	2
633	68
633	16
633	44
633	73
633	54
633	59
633	74
857	68
857	69
2615	44
2615	12
2615	13
2615	62
2615	27
1128	16
1128	43
1128	54
1128	23
1128	74
1240	16
1240	43
1240	23
1169	17
1169	16
1169	64
458	2
458	3
1309	67
1309	38
769	65
3770	67
4374	49
4374	43
4374	47
3147	69
3147	70
3147	17
3147	2
3147	46
3147	73
216	69
216	27
216	50
216	54
216	19
216	23
216	24
216	74
1865	69
1865	37
1865	32
3454	69
3454	14
3454	32
1541	65
3802	70
3395	69
3395	41
3395	56
3829	65
3829	16
3829	42
3829	44
3829	13
3829	62
1777	42
3054	70
3054	44
3054	49
3054	50
3054	54
3054	23
3054	74
3775	57
3856	17
4044	16
4044	13
4044	1
3131	16
307	48
307	62
307	2
307	23
3215	68
3215	16
3215	44
3215	50
3215	2
3215	54
3215	19
3215	74
339	44
339	12
339	13
339	62
339	27
339	2
339	73
4025	14
4025	6
4025	47
1364	65
1364	66
1364	58
43	54
3012	65
3012	6
3012	58
3932	69
3932	37
2825	68
2825	69
2825	36
2825	44
2825	1
544	69
544	36
3512	50
1567	68
1567	69
1567	36
1567	16
1567	42
1567	44
1567	1
1567	2
1567	73
268	68
268	44
268	50
3269	62
3269	2
3269	54
3269	23
3269	74
2701	68
2701	44
2701	50
1511	16
1511	45
1511	62
1511	43
145	11
145	50
3130	71
3040	67
3040	49
1618	45
1618	43
1765	16
3241	70
3241	58
49	68
49	16
49	44
49	2
49	54
49	24
49	74
3310	17
3310	16
3310	12
3310	11
3310	1
3310	50
3310	73
3310	55
223	44
223	12
223	13
223	62
223	27
2675	30
1730	50
1730	73
1730	54
1730	74
1574	67
1574	17
1574	1
1574	2
1574	56
3107	68
3107	69
3107	2
757	69
757	37
579	44
579	13
2205	69
2205	14
2205	6
3596	16
3596	42
3596	39
3596	74
435	62
435	60
435	23
2804	38
2804	29
2068	68
2068	69
2068	44
3702	16
3702	42
3702	54
1376	74
360	70
360	74
4161	13
4161	54
4161	23
4161	74
1195	42
1195	38
2114	73
609	44
609	13
1072	45
1072	62
1072	43
3119	16
3119	62
3119	23
1796	2
641	17
641	73
641	59
1882	45
1882	44
1882	13
1882	43
1882	54
1882	23
1882	25
1882	74
948	68
948	44
948	74
1218	49
1218	43
3125	49
3125	51
3125	47
2907	16
2907	73
3228	16
3228	74
3820	17
3820	16
3820	42
2265	50
3433	44
3433	13
3433	62
3904	16
3904	44
3904	54
3904	23
3904	74
2886	69
2886	37
2886	22
2241	69
2241	58
2246	70
226	17
1285	16
1285	1
1285	74
2946	44
2946	13
2946	62
18	65
18	66
18	42
18	1
4139	65
4139	66
4139	42
4139	64
1183	65
1183	58
4209	65
4209	69
4209	6
1741	68
1741	16
1741	44
1741	11
1741	1
1741	50
1741	53
1741	73
1794	19
1794	23
3278	68
3278	44
3278	11
3278	1
3278	50
3278	2
2551	68
2551	44
2551	11
2551	1
2551	43
2551	50
2551	2
2551	23
1032	64
1032	49
52	16
52	48
52	62
52	2
52	23
2957	64
2957	49
2957	2
2957	55
1237	68
1237	44
1237	11
1237	1
1237	50
23	17
23	64
23	2
23	55
4294	38
4294	56
2253	44
2253	13
4358	1
4358	43
2346	45
2346	62
651	65
3647	17
3647	44
3647	12
3647	13
3647	62
3647	74
4011	17
4011	44
4011	12
4011	13
4011	62
4011	64
382	67
382	17
2530	29
2530	54
516	22
516	1
516	43
1299	17
1299	16
1299	44
1299	12
1299	13
1299	62
1299	27
1299	74
1130	69
1130	33
1130	58
4315	68
4315	16
4315	44
1571	38
4318	70
1953	59
1301	65
228	45
228	62
228	43
3165	70
1858	53
1858	73
1858	74
4210	49
4210	2
4210	3
327	40
327	62
954	16
954	64
3792	65
3792	69
3792	41
3792	58
2605	16
1587	67
1587	17
1587	64
1587	22
467	68
467	44
467	13
467	1
467	2
4324	67
1457	38
561	68
561	12
561	27
561	61
2257	17
2257	16
2257	74
318	17
318	2
318	10
694	42
694	62
694	73
694	59
694	74
1900	1
1900	50
1900	73
1900	54
1900	23
1900	24
1900	74
76	16
76	42
76	1
2841	16
2841	43
1641	44
1641	12
1641	13
1641	62
1641	43
1641	74
1762	68
1762	70
1762	43
1762	50
1762	23
2660	12
2235	17
2978	38
2978	27
2978	2
373	69
373	33
2446	16
2446	42
2446	54
2446	74
1737	68
1737	16
1737	54
1737	19
2281	17
2281	64
2281	2
2451	16
2451	62
2451	50
1687	12
1687	13
1687	62
1687	27
1687	2
3021	43
86	68
86	16
86	44
3358	16
3358	44
3358	1
3358	74
2146	42
2146	64
732	44
732	49
732	43
3696	17
3696	16
3696	64
3696	1
3696	2
1608	29
1608	44
1608	56
4377	50
4411	17
4411	64
4411	2
4411	4
1465	70
1465	74
48	17
1537	16
1537	24
1537	74
753	68
753	69
753	42
753	44
753	50
753	2
753	73
4405	68
4405	44
1181	73
1181	59
1181	74
3100	50
3664	68
3664	69
3052	17
3052	16
3052	12
1568	17
1568	16
1568	12
1552	17
1552	16
1552	42
1552	62
1552	2
3190	68
3190	44
1806	69
1806	16
1806	73
1806	74
2147	42
2147	74
3573	16
3573	42
3573	1
2764	69
2764	74
2635	70
2635	6
1527	17
1527	49
1527	43
3763	52
3763	40
3763	37
3763	49
3763	56
3316	70
3316	44
3316	49
901	49
901	43
2012	38
2012	31
1779	50
1779	53
1779	73
1779	74
4035	67
4035	69
2610	66
2610	14
2610	62
2610	47
3984	65
3984	14
3984	47
4086	69
4086	42
4086	64
4086	2
3166	65
3166	49
3166	47
2333	17
2333	64
2333	2
2333	4
2441	40
2441	17
2441	38
2441	27
2807	17
2807	42
2807	64
4165	17
4165	42
4165	64
1187	38
2709	30
654	65
654	44
654	13
3162	17
3162	16
3162	64
3162	10
187	17
187	27
2880	29
2880	64
2880	73
2880	59
1289	45
1289	49
1289	43
1738	68
1738	16
1738	44
1738	50
1738	2
1738	73
1738	54
1738	19
1738	74
2404	68
2404	62
2404	53
2404	2
2404	73
2535	13
1404	45
1404	49
1404	43
3842	1
3842	50
3842	73
3842	74
2687	68
2687	17
2687	16
2687	44
5	69
5	6
5	7
4168	17
4168	16
1308	16
4395	12
4395	62
4395	43
4395	54
4395	23
4395	74
2591	70
2591	57
846	68
846	44
846	50
846	74
4071	69
4071	74
59	68
59	44
59	50
59	53
59	2
59	73
59	74
4420	44
4420	12
4420	13
4420	62
4420	27
4420	2
3267	16
3267	48
3267	44
3267	12
3267	13
3267	62
3267	50
1035	68
1035	16
1035	44
146	67
146	17
146	16
146	62
146	2
146	19
1874	17
1874	16
1874	62
1874	64
1874	2
3579	48
3579	45
3579	62
3579	49
3579	2
169	30
169	31
665	17
665	44
665	12
665	13
665	62
665	27
665	73
920	69
920	50
920	73
920	54
920	23
920	74
890	68
890	44
890	50
890	53
890	73
890	74
248	16
1129	67
1129	17
1129	64
1129	22
1945	69
1945	16
1945	44
1945	19
1945	74
364	69
364	44
364	19
2139	70
3944	17
3944	62
3944	2
3944	55
3143	69
3143	7
3143	33
3143	36
2620	17
2620	2
850	65
850	69
392	73
392	59
1683	17
3259	67
3259	17
3007	45
3007	34
3007	49
3007	43
3007	55
736	67
4293	17
4293	16
4293	2
2689	68
2689	44
2040	69
2040	41
2040	27
4064	68
4064	14
1235	70
1235	14
2311	68
2311	44
2311	2
2311	47
2311	19
1959	49
1959	43
2162	68
2162	44
2162	2
1588	45
1588	44
1588	57
1588	43
1686	45
1686	44
1686	13
1686	62
1686	43
851	68
851	44
851	73
3872	68
3872	44
3872	73
3201	68
3201	44
3201	11
3201	50
3201	2
3201	19
867	13
2058	54
2058	23
2058	74
1994	16
1994	44
1994	54
1994	55
1725	16
1725	43
1536	16
1536	42
1536	73
3510	42
3510	64
3098	70
3098	44
3098	49
3098	43
3251	70
683	68
683	69
683	42
683	44
683	49
390	68
390	69
390	44
390	62
390	53
390	2
390	3
390	73
4372	69
4372	70
4372	3
3846	41
3846	44
2465	68
2465	16
2465	44
2465	11
2465	1
2465	50
1266	44
1635	68
1635	69
1635	70
1635	2
1168	74
1375	69
1375	42
1375	62
1528	16
1528	19
1528	74
299	2
299	73
2466	17
2466	28
2489	17
2489	16
2489	38
1751	69
1751	1
269	68
269	16
269	44
269	11
269	1
269	50
269	53
269	2
269	73
269	74
3565	40
3565	42
3565	64
3565	54
246	16
246	48
246	62
2528	30
2528	44
2528	13
1910	67
1910	17
1910	16
1910	31
1910	12
1742	68
1742	16
1742	44
1742	1
1742	54
1742	23
1742	74
2314	17
2314	44
3821	38
3821	29
3821	62
3805	49
3805	54
3805	23
3805	74
4344	69
4344	7
4344	5
3541	17
3541	28
1346	45
1346	34
1346	49
1346	43
1346	55
2315	45
2315	62
2315	34
2315	49
2315	43
2315	55
3446	54
277	45
277	62
277	43
277	61
1374	56
634	44
634	12
634	13
634	62
634	27
418	17
418	27
3732	49
3732	43
638	16
638	42
638	74
3658	17
3658	2
3658	28
3658	55
3639	71
1712	68
1712	16
1712	44
1712	54
1425	70
1425	58
2563	65
2563	58
1530	16
1530	42
1530	74
157	45
157	43
586	14
586	2
4418	68
4418	44
3948	68
3948	16
3948	44
2454	68
2454	17
2454	16
2454	44
2454	1
2454	50
2454	2
2454	73
2454	74
354	23
175	3
175	56
308	13
308	62
974	65
974	44
2627	38
3066	67
3066	68
1917	27
351	68
351	16
351	44
351	1
351	50
351	2
351	73
430	16
430	42
2877	68
2877	44
2877	1
2877	50
2877	53
2877	2
2877	73
2872	17
2872	16
2872	34
2872	74
1069	2
2016	65
1268	69
1382	49
1382	47
582	13
582	47
902	29
3754	12
420	13
2086	14
2359	67
2359	68
2852	48
2192	45
2192	62
2192	49
2192	43
2192	73
620	44
620	12
620	13
620	62
620	73
3616	65
472	68
472	70
472	42
472	50
472	2
472	25
2939	42
2939	50
1700	43
1700	54
1700	23
1700	74
346	16
2602	62
2602	2
2602	54
2602	23
2602	74
2719	69
2719	42
3566	17
3566	42
1879	13
1879	2
3226	16
3226	62
3226	73
3567	68
3567	16
3567	42
3567	44
2835	17
2835	16
2835	44
2835	12
2835	13
2835	62
2835	27
2835	28
1503	68
1503	44
1503	50
1503	2
1503	47
720	16
1964	16
1964	1
2714	17
3274	42
3274	64
1867	17
1867	42
1867	1
1115	17
1115	2
1115	55
3938	51
2348	38
2348	12
4415	68
4415	16
4415	44
1853	42
1853	74
844	69
844	16
844	1
844	2
844	54
844	19
844	23
844	74
2806	68
2806	16
2806	29
2806	44
2806	50
2806	73
2064	68
2064	16
2064	44
2064	62
2064	1
2064	50
2064	53
2064	73
2617	67
2617	17
938	45
938	34
938	49
938	43
938	55
3354	42
3354	53
2439	49
2439	51
2439	47
3812	38
3812	31
1447	38
795	62
795	27
795	50
795	53
795	73
1202	49
1202	51
1202	43
1202	47
3488	70
3488	9
2544	48
2544	13
2544	62
2544	2
3088	66
3088	49
3623	69
3623	52
3623	37
3623	56
590	17
3594	69
3594	7
3594	37
81	65
81	66
81	6
3441	69
3441	44
3441	19
704	67
704	17
704	16
704	2
4190	40
4190	29
4190	56
493	39
2357	68
2357	38
1403	65
1403	67
1403	68
1403	33
256	69
256	7
256	42
1507	68
1507	70
1499	74
3788	65
3788	67
3788	68
3788	33
340	70
3468	17
3468	16
3468	62
3250	38
3250	29
3250	49
3250	43
3250	50
3250	73
2417	17
2813	69
2813	58
1848	67
1582	65
1582	44
1582	13
2406	69
2406	70
2406	14
2406	5
1234	69
1234	6
1234	2
1234	73
1603	45
1603	44
1603	13
1603	43
1603	25
2800	42
2800	49
2800	3
1909	44
1909	13
334	16
334	13
334	1
334	54
152	69
152	70
152	44
3811	38
3811	27
4227	65
4227	66
2035	68
2035	27
2035	49
2035	51
3324	17
3572	17
2376	16
2376	62
2376	43
2376	74
1373	16
1373	42
1373	2
1373	4
1373	73
1842	29
1842	12
3065	69
3065	49
3065	43
510	17
510	16
1667	45
1667	43
1667	61
154	4
154	3
916	17
916	2
916	4
4236	52
4236	40
2388	44
2388	12
2388	13
2388	62
2388	43
2388	2
2388	73
2388	74
3942	52
3942	40
3942	12
845	68
845	43
845	50
2433	45
2433	62
2433	49
2433	43
2433	23
1802	17
1156	17
3793	70
3793	44
1233	44
1233	13
4122	44
4122	13
1508	68
1508	17
1508	16
1508	44
1022	16
1022	15
647	65
647	14
2958	48
2958	43
773	48
773	2
204	68
204	44
204	50
2606	69
2606	7
2159	45
2159	34
2159	49
2159	43
2159	55
2159	74
4042	68
4042	44
4042	43
4042	50
4042	19
2919	17
2919	16
2919	55
3481	49
2169	17
2169	16
2169	2
3127	38
3127	49
3127	43
1720	65
1720	6
794	17
2609	17
2609	42
2609	28
397	65
397	66
397	41
2781	38
2781	29
2713	70
2713	49
2713	51
2713	43
3005	29
2495	68
2495	12
2495	13
2495	27
2495	49
2495	43
1318	29
1318	64
3323	67
3323	68
3323	14
3690	17
3690	16
3690	1
1705	17
1705	42
1705	62
1705	73
1705	10
1705	55
1924	68
1924	42
1924	38
1924	48
3148	16
3148	44
3148	12
3148	13
3148	62
3148	27
3148	43
3148	55
2313	44
2313	12
2313	13
2313	62
2313	27
409	68
409	70
409	50
409	74
3893	17
3893	42
3893	64
3893	73
406	36
406	12
406	62
406	2
406	47
1303	68
1303	69
1303	2
295	71
2176	50
2176	54
2176	23
2176	74
2954	67
2954	27
3868	42
3868	74
1259	70
1259	52
1259	40
1259	58
1259	49
1259	2
4255	52
4255	40
4255	32
4255	34
4255	49
4255	51
4255	43
4255	47
652	52
652	40
652	32
652	12
652	34
652	49
652	51
652	43
652	47
2787	12
2862	69
2862	37
2862	3
2309	42
3925	16
3925	23
4070	16
4070	23
2670	68
2670	16
2670	44
2670	74
3350	44
3350	12
3350	13
3350	62
3350	27
294	17
294	48
294	44
294	62
294	2
294	47
2943	74
1401	67
4231	69
4231	41
4231	52
4231	40
4231	58
4231	49
3499	45
3499	44
3499	13
3499	62
3499	43
523	50
523	73
83	16
83	23
1057	16
1057	23
4082	44
1184	16
1184	23
2399	16
2399	54
2399	23
2399	74
1300	19
343	14
343	62
343	2
2735	14
2735	2
961	14
961	62
961	2
2812	16
2812	23
2494	66
2494	42
2494	49
2494	3
1011	16
2238	29
1707	67
1707	70
4060	44
4060	13
1787	1
1787	43
2295	42
2059	61
1275	61
3864	65
3864	67
3864	68
3864	33
3864	74
1172	16
1172	62
1172	54
1172	23
1172	74
434	44
434	13
3849	74
425	43
1719	43
3644	1
3644	43
2450	67
2450	14
2697	45
2697	34
2697	49
2697	43
2697	55
1849	44
1849	62
539	44
539	1
3161	16
3161	43
3161	23
3314	16
3314	43
3314	54
3314	23
3314	74
3837	69
3837	36
1348	69
1348	42
1348	45
1348	43
1413	69
1413	42
1413	45
1413	43
1006	70
1006	15
1006	10
1127	70
2619	67
835	43
2428	67
2428	69
2112	17
2112	42
1759	16
1759	44
1759	12
1759	13
1759	62
1759	27
2661	49
2661	43
2661	3
2661	47
3583	54
3583	23
3583	74
780	45
780	44
780	13
780	62
780	43
576	68
576	44
576	13
576	43
576	50
576	2
576	74
2703	62
2703	43
3225	70
3225	14
3225	49
3225	47
3224	16
1566	52
1566	40
1566	32
1566	34
1566	49
2517	70
3412	4
4328	19
2087	13
2087	62
2087	43
2087	2
806	50
806	73
806	54
806	23
806	74
293	16
293	62
293	55
832	16
1478	1
1478	50
1478	54
1478	23
1478	74
755	70
755	16
755	44
755	50
755	47
755	74
3460	44
3460	1
3813	17
3813	16
1322	65
1322	6
3517	41
768	64
768	2
768	55
1426	42
1426	49
4198	67
2746	49
2746	43
2564	16
2564	27
2564	23
1442	1
1442	43
1113	65
1113	69
1113	5
1113	41
1546	16
1546	1
990	29
990	56
3895	17
3895	16
3895	1
3895	2
3895	54
3895	25
3895	74
1831	23
1804	34
1600	42
1600	38
2785	2
2785	3
1062	51
556	45
556	64
556	43
1926	48
1926	2
3916	67
3916	16
3916	38
3916	64
2724	17
2724	16
2724	54
2724	23
2724	74
4313	66
4313	67
4313	42
358	17
358	16
2710	16
2710	23
2710	55
4142	17
4142	2
4142	55
1624	69
1624	42
1624	1
1624	2
1624	73
897	70
4397	70
4397	9
3577	19
394	14
394	19
2286	70
2286	17
2286	42
2286	2
2286	73
3480	16
3480	59
3480	23
3480	55
842	49
1793	68
1793	14
3781	68
3781	38
155	67
155	49
4100	42
2044	65
2044	66
2044	41
2044	58
3208	42
3208	4
3208	47
2256	16
2256	12
2256	62
2256	54
2256	23
2256	74
1927	16
1927	42
1927	62
1927	74
728	16
728	12
728	62
728	43
728	23
728	74
3873	42
3873	74
3405	68
3405	69
3405	7
3405	49
3405	43
3760	65
3760	66
3760	42
3760	1
3760	43
1154	73
1154	54
1154	59
2913	67
2913	69
2913	16
89	42
89	49
89	47
3256	44
3256	49
3256	2
3256	3
3256	56
3956	68
3956	49
3320	66
3320	42
2751	17
2751	64
417	69
3902	40
2809	54
2809	23
2809	74
3171	41
2827	70
2827	17
2827	42
2827	64
410	17
410	16
774	70
774	42
402	68
402	69
402	70
402	50
3747	29
751	44
751	13
751	22
751	73
3112	68
3112	69
3112	70
3112	38
3112	44
3112	50
3112	2
2198	29
1117	29
3726	16
3726	74
489	13
4040	16
4040	42
4040	73
4040	59
4040	55
14	42
407	65
3345	68
3345	70
824	17
824	16
824	42
3587	49
3587	43
1019	65
1019	42
819	16
819	62
2302	29
3242	69
3242	44
4057	67
2145	65
2145	42
2145	64
2416	48
3982	71
1108	40
1108	54
1108	19
1167	2
1167	73
1167	54
1167	23
1167	74
1250	16
1250	23
614	17
614	16
4230	34
4230	74
1136	43
1136	74
698	42
448	38
448	29
448	45
448	34
448	49
448	43
448	55
2460	16
2460	45
2460	49
2460	43
2460	23
854	17
854	45
854	34
854	49
854	43
854	55
2937	42
3403	12
3403	54
3403	23
3403	74
3430	16
3430	62
3430	43
3430	54
3430	23
3430	74
3888	16
3888	23
2196	45
2196	34
2196	49
2196	43
2196	55
1352	48
1352	45
1352	62
1352	2
1352	56
3458	69
3458	36
3458	1
3077	16
3077	1
2608	62
174	68
174	27
174	49
174	51
2621	45
2621	62
2621	43
2621	61
939	45
939	62
939	1
939	43
939	61
32	16
32	1
3394	69
3394	36
3394	1
3612	69
708	42
708	73
770	17
770	2
770	55
1811	45
1811	34
1811	49
1811	43
1811	55
580	68
580	36
580	44
3911	38
3911	12
3911	27
3410	69
3410	17
3410	42
3410	73
3401	42
1198	17
1198	16
2234	17
2234	16
3927	49
3927	43
3388	17
3388	42
3388	1
3388	56
1162	13
2520	29
2520	13
2832	1
2832	50
2832	53
2832	73
2832	54
2832	23
2832	24
2832	74
2692	16
2692	42
2692	2
2692	73
2692	74
4143	42
4143	64
4143	47
374	16
374	42
374	74
4394	42
4394	64
4394	2
2377	67
2377	69
3453	16
3453	19
3453	74
2562	29
2562	30
3672	29
1758	42
1758	64
3448	42
4178	42
2521	42
2521	64
3003	49
3003	50
1351	44
3376	17
3376	16
992	68
992	16
992	44
992	50
631	1
631	43
631	50
631	21
235	49
235	43
235	74
3015	16
784	2
784	19
3765	45
3765	44
3765	62
3765	49
3765	43
3765	50
3765	2
1656	49
3534	65
3534	69
3534	17
3534	16
3534	44
3534	12
3534	13
3534	62
3534	27
2183	40
2183	12
980	52
980	40
1638	69
1638	36
1638	19
3652	65
3652	67
3652	42
3652	64
3652	50
2527	68
2527	16
2527	44
3989	14
3989	6
3989	40
11	68
11	44
11	50
11	53
2363	54
2363	23
2363	74
1629	14
1629	62
1629	2
3444	14
3444	2
583	70
583	16
583	42
583	74
1230	67
1230	17
1230	16
4360	16
4360	54
4360	19
4360	23
4360	74
2413	17
2413	64
2413	10
2980	45
2980	62
2980	27
2980	49
3184	16
3184	12
3184	74
106	1
106	50
106	53
106	2
106	73
106	54
106	23
106	74
3835	50
3835	53
3835	73
1575	38
1132	70
1132	40
1030	59
1030	55
2099	42
64	14
64	17
2423	68
2423	14
2708	49
2708	3
3141	45
3141	49
3141	51
3141	43
3741	43
3741	25
1313	12
1313	43
3650	43
519	45
519	43
3960	54
3960	23
3960	74
1350	45
1350	43
2216	69
2216	42
2216	45
2216	1
2216	43
2593	50
2593	53
2593	2
2593	73
2593	19
2593	23
3325	45
3325	62
3325	43
2857	42
1317	43
1317	21
3092	65
3092	2
2142	49
2905	45
2905	43
3958	17
1050	2
1050	3
1888	68
1888	27
1888	51
3036	68
3036	38
866	49
3602	49
3602	43
112	14
186	49
186	3
3476	69
3476	36
2889	17
1859	65
1859	42
225	44
225	13
225	57
3937	16
3937	42
2467	12
2467	62
2467	74
4160	16
4160	34
4160	74
3382	42
3292	67
864	65
3400	69
3400	16
298	62
298	51
298	43
298	26
298	21
1949	62
1949	51
1949	43
1949	26
1949	21
3490	42
3490	47
3280	39
1522	43
4224	16
3029	2
2328	37
2328	17
2811	45
2811	12
2811	62
2811	49
2811	43
2811	56
4177	43
2153	68
2153	14
3976	2
3031	56
515	56
3569	45
3569	62
3569	43
3154	62
1179	68
1179	44
1179	50
1179	53
1098	42
1098	2
66	16
66	23
2744	68
2744	27
2744	51
2744	3
3907	14
1784	70
199	66
199	3
2604	65
2990	66
2990	67
2990	58
2990	2
3192	31
936	54
284	43
3714	70
1224	54
2319	42
241	65
241	66
241	68
2010	38
2010	39
4008	44
4008	62
4008	11
4008	1
4067	12
4067	54
4067	23
4067	74
765	2
765	73
1632	16
3343	43
3343	25
3570	45
3570	43
648	43
2526	65
2526	69
2526	37
3588	43
1752	14
1752	49
1752	43
1752	3
1752	47
2151	16
2151	19
2151	23
1569	65
1569	16
1569	42
1569	45
1569	62
1569	49
1569	43
1569	23
2666	17
2666	42
2666	44
2666	1
2666	73
2666	59
2666	55
2666	74
20	17
20	42
20	49
20	43
1424	17
1424	42
1424	62
1424	49
1424	74
2999	17
2999	16
2999	44
2999	12
2999	13
2999	62
2999	27
3258	29
2866	29
4305	29
886	16
886	44
886	12
886	13
886	62
886	27
2029	16
2029	44
2029	12
2029	13
2029	62
2029	27
2008	16
2008	44
2008	12
2008	13
2008	62
2008	27
3181	38
242	16
242	64
2594	38
2594	30
273	69
273	44
273	19
2041	48
2041	45
2041	27
2041	43
4250	68
4250	62
4250	27
4250	2
969	30
2436	42
2436	44
2436	13
3865	68
3865	62
3865	27
3865	2
2514	38
3933	16
3933	62
179	16
179	62
947	43
3546	43
1872	43
3503	43
696	16
1996	23
596	68
596	16
596	38
596	44
113	42
113	1
113	2
584	29
3011	29
3011	31
3432	29
3625	29
3625	64
1812	29
914	29
411	29
4272	29
3482	29
2140	29
1911	29
1911	2
3554	38
3554	29
2671	29
3844	29
3844	31
2264	29
2264	64
3978	29
3978	64
1523	29
2983	29
4338	29
3633	29
829	29
829	73
1774	29
3975	42
3975	44
3975	55
282	67
1166	68
1166	16
1166	44
1253	16
1253	44
1253	1
587	29
587	31
4264	29
1954	68
1954	16
1954	44
1954	11
1954	1
1954	50
1954	73
1954	74
2405	29
1944	29
1944	56
3525	40
3525	29
3525	56
3735	29
3735	56
396	29
396	56
371	29
371	56
2034	29
2034	56
2177	29
2177	31
2362	29
3816	17
3816	16
438	29
2933	29
2933	45
2933	49
2933	43
2793	29
4149	12
4149	62
4149	61
3521	62
3521	61
2567	45
2567	62
2567	43
2567	61
3700	62
3700	43
3700	61
853	45
853	62
853	63
853	43
853	61
1505	45
1505	63
1505	43
1505	61
735	62
735	43
735	61
589	17
589	16
3601	29
3601	31
1206	29
244	38
244	54
2745	29
2171	29
2387	29
2387	64
3300	29
3300	64
2344	29
1406	29
137	29
185	29
185	64
4322	29
4322	64
3580	29
3580	64
4279	29
2367	29
2229	16
2229	45
2229	43
1978	16
1978	44
1978	49
1538	42
1538	64
54	16
54	44
54	54
54	23
54	74
2127	67
2127	69
2127	17
2732	42
290	67
290	17
290	42
3214	29
567	17
3231	69
3231	42
3231	45
3231	1
2864	16
2864	59
2864	23
2864	55
3556	64
3556	54
3556	74
1238	67
1238	32
4229	44
3506	64
3506	50
3506	73
3359	17
3359	42
3359	54
3359	74
812	68
812	16
812	64
812	27
2720	42
2720	1
859	30
2013	17
2013	45
2013	43
541	17
4076	17
3233	69
3233	7
3233	42
3233	64
1663	65
1663	42
767	42
767	64
767	2
1049	42
3728	65
3728	66
3728	67
3728	42
915	45
915	43
3745	17
3745	55
1562	17
1562	42
1562	44
1562	73
4081	17
4081	44
680	16
680	42
3016	42
3016	64
3016	50
1215	65
1215	66
1215	69
1215	70
1215	17
1215	16
1215	42
1215	64
1215	2
1215	3
1215	73
1215	74
4181	42
622	65
622	66
622	17
622	16
622	42
622	64
622	55
4365	17
4365	38
4365	64
3751	69
3751	42
3751	64
3751	1
3751	49
2636	68
2636	42
2636	64
2636	2
941	69
941	42
865	17
865	45
865	43
2414	29
1365	16
1365	64
3218	16
3218	64
2922	1
2922	50
2922	74
2891	17
2891	42
2891	2
2891	55
4184	70
4184	23
4184	25
3725	62
3725	50
3725	53
3725	73
2810	45
2810	49
2810	51
2810	43
4036	17
4235	49
4235	2
4235	19
2545	45
2545	43
1498	70
1498	16
1498	50
1498	54
1498	19
1498	74
3646	12
3646	22
3646	49
3646	47
3507	52
3507	40
3507	49
4332	42
4332	1
3787	16
3787	42
4098	44
4098	62
4098	43
2734	16
2734	62
2734	2
2734	54
2734	23
2734	74
3103	48
3103	62
3422	16
3422	59
3422	23
3422	55
1200	16
1200	13
1200	74
4425	17
4425	16
4425	42
4425	44
4425	73
2698	17
2698	44
2698	55
1419	17
1419	16
1419	42
1419	44
311	45
311	44
311	43
110	43
3408	12
3408	43
1164	68
1164	70
1164	16
1164	29
1164	62
1164	50
1164	54
1164	23
2190	65
2190	67
2190	68
2190	42
2190	50
2190	2
1417	16
1417	64
1417	24
1417	74
1104	16
3142	16
2084	68
2084	16
2084	44
2084	62
738	16
738	43
4174	27
4174	74
3469	38
3469	39
3469	64
995	44
995	13
2662	68
2662	16
2662	44
2662	50
2662	54
2662	23
2662	24
2662	74
2074	67
2074	16
2074	38
2074	45
2074	64
2074	49
2074	2
2074	73
2074	10
2074	19
3392	17
3392	16
2420	17
3845	17
2193	32
2193	16
2193	12
2193	43
2193	2
2193	73
2193	59
2193	55
2106	40
2106	12
888	38
888	48
888	12
888	49
888	43
3104	31
3104	12
3104	49
3104	47
2327	16
1212	68
1212	17
1212	16
1212	44
1387	38
1387	49
2685	17
2685	42
2938	67
917	17
3312	67
3312	38
3312	64
814	69
814	70
814	43
814	73
814	54
814	74
862	70
2903	70
2903	43
2903	74
353	48
353	45
135	67
135	17
776	70
776	49
403	22
403	1
403	50
2046	56
3182	69
3182	42
3182	1
2904	38
2904	39
2904	30
2290	39
2290	31
2290	44
2356	48
2356	62
2356	23
2737	16
9	17
9	16
3450	48
3450	62
3450	2
847	2
1490	68
1490	69
1490	42
1490	44
1490	54
4046	1
4046	43
3669	50
3669	53
3669	73
3669	54
3669	74
2478	67
2478	27
752	42
752	64
2940	17
2940	16
2940	64
2940	55
3615	16
933	17
1486	17
1486	42
1486	44
1260	2
1260	19
1260	74
3261	68
3261	69
3261	7
848	17
848	62
2715	17
2715	62
3282	43
3282	23
1857	16
1857	62
1857	23
1923	68
1923	70
1923	16
1923	29
1923	62
1923	50
2155	70
2155	1
2753	56
3637	56
1075	62
1075	64
1075	49
1075	51
3020	69
3020	44
4047	68
4047	16
4047	44
4047	50
4047	23
1649	16
1649	23
2898	42
2898	50
2898	74
4376	69
4376	49
3206	62
3206	49
3206	43
2702	16
2702	23
2702	24
2442	44
2566	42
2566	64
2566	4
2566	3
4288	16
2322	38
2322	29
2322	12
1526	66
1526	68
1526	44
1526	43
1526	50
1739	69
1739	42
1739	64
1739	2
1739	73
1739	74
1155	7
1155	42
1155	62
1155	11
1155	74
1956	16
1956	64
4102	69
4102	44
4102	12
911	69
911	44
2116	69
2116	44
2116	62
1591	69
1591	44
2867	12
2867	62
2867	43
2867	54
2867	23
2867	74
1916	16
1916	34
3366	62
3366	34
3366	50
3366	73
3366	23
3366	74
3381	31
99	31
70	45
70	43
70	61
2681	70
2681	9
160	68
160	42
160	1
4364	17
280	17
2699	29
2699	64
2353	68
2353	17
2353	27
2188	69
2188	13
4353	66
4353	69
4353	17
4353	16
4353	42
4353	31
4353	64
4353	2
4353	55
952	47
952	25
3560	17
3560	16
3560	62
1691	17
1691	16
826	17
826	62
826	2
1968	70
4378	42
4378	64
565	69
565	1
565	54
16	45
16	49
16	51
16	43
3501	16
3501	62
3501	43
3501	54
3501	23
3501	74
2398	43
2398	54
2398	23
2398	74
1033	45
1033	43
1860	43
1860	54
1860	23
1860	74
3	43
1002	45
1002	49
1002	43
713	43
713	54
713	74
2150	45
2150	43
2729	43
1690	45
1690	49
1690	51
1690	43
759	43
1070	7
1070	42
1357	17
1357	16
1357	1
1357	2
2982	16
2982	42
2982	50
2982	2
2982	54
97	62
97	43
97	74
1948	16
1948	23
2444	45
2444	49
2444	51
2444	43
2259	45
2259	49
2259	51
2259	43
1502	45
1502	49
1502	51
1502	43
4108	11
4108	53
4108	73
4108	54
4220	68
4220	27
4220	49
4220	51
4220	43
4220	73
3294	17
3294	55
2863	45
2863	49
2863	43
140	45
140	62
140	49
140	43
140	2
140	56
3703	45
3703	49
3703	43
3703	56
1093	45
1093	62
1093	49
1093	43
1093	2
1093	56
3064	45
3064	49
3064	51
3064	43
1410	45
1410	62
1410	1
1410	49
1410	43
1410	2
2221	45
2221	49
2221	43
335	45
335	49
335	51
335	43
3159	45
3159	49
3159	51
3159	43
2688	45
2688	49
2688	51
2688	43
1092	45
1092	49
1092	51
1092	43
1412	45
1412	49
1412	43
518	17
518	16
518	64
2969	51
2969	43
2969	56
2577	49
2577	43
2263	67
2263	31
2263	62
492	67
492	31
3387	68
3387	43
3387	73
3387	54
3387	59
2503	11
2503	25
512	12
512	49
512	51
512	43
512	47
772	45
772	49
772	51
772	43
772	3
772	47
772	25
4003	54
4003	25
2888	25
1269	45
1269	43
3936	45
3936	13
3936	62
3936	43
333	45
333	43
4054	45
4054	49
4054	43
1194	45
1194	43
1089	16
77	16
3443	43
3443	54
3443	23
3443	74
684	16
684	13
684	49
684	43
697	17
697	44
697	55
2337	16
2337	23
2337	74
219	49
219	43
896	44
896	13
3610	62
3610	11
3610	50
3610	56
3610	74
1366	45
1366	44
1366	1
1366	43
1366	3
1366	25
4024	68
4024	40
4024	12
4024	13
4024	27
4024	49
4024	43
3879	17
3879	16
3879	64
212	17
212	16
212	62
212	2
212	73
212	55
359	16
2616	16
2616	23
2616	74
2730	38
2730	27
3115	45
3115	44
3115	43
597	16
597	2
597	23
1688	17
1688	2
1688	55
2297	45
2297	34
2297	49
2297	43
2297	55
838	6
838	16
838	44
414	65
414	6
414	44
2082	29
979	6
979	44
979	4
955	38
955	31
3068	52
3068	40
3068	49
3091	51
3091	43
3091	55
2664	45
2664	34
2664	49
2664	43
2664	55
2343	68
2343	16
2343	44
4263	45
4263	43
1466	43
4266	45
4266	49
3295	16
3295	23
2870	43
628	43
4049	29
4049	56
991	40
991	42
172	69
172	42
722	16
722	42
722	2
722	73
1173	45
1173	44
4154	45
4154	13
4154	43
4154	56
3287	40
3287	12
3287	49
3287	43
4221	45
4221	49
4221	43
73	48
73	45
73	49
73	43
1556	68
1556	16
1556	44
1556	12
1556	43
1556	23
1556	74
3099	54
3099	19
3099	23
3099	74
3144	50
3144	73
3144	54
3144	23
3144	74
525	42
525	47
3438	43
4018	43
3782	73
4399	43
1214	66
1214	42
1998	50
12	50
1821	69
1821	42
2128	42
2128	1
3736	16
3736	45
3736	34
3736	49
3736	43
3736	55
4280	16
4280	1
1551	43
1551	74
1449	59
2053	12
2053	1
2053	50
3058	16
3058	12
3058	1
3058	50
243	42
3056	69
329	49
329	43
840	49
840	43
840	47
4403	62
4403	43
4403	8
4384	43
2137	53
2137	2
2137	73
2137	74
3032	48
3032	45
3032	43
2107	68
2107	70
2107	43
2107	50
2107	19
1914	43
1914	21
674	44
674	49
4043	67
4043	68
4043	44
700	45
700	43
2630	69
2630	70
2630	74
1369	70
1369	1
1369	47
404	69
404	70
404	74
2901	49
2901	43
2901	2
2901	47
2036	70
2036	49
2036	4
1661	55
2003	44
2003	13
4203	44
4203	49
4203	43
4203	56
594	49
594	2
594	3
594	56
2543	1
2543	50
2543	54
2543	23
2543	74
2258	16
2258	62
2258	1
2258	43
305	13
305	1
305	43
461	1
461	43
1142	67
1142	42
4083	65
4083	66
4083	17
4083	16
4083	42
4083	64
1563	17
1563	45
1563	44
2584	48
2584	49
2584	3
2584	47
1325	16
1325	62
1325	34
1325	50
1325	2
1325	23
1325	74
977	32
977	43
977	74
35	38
35	64
984	16
984	62
984	73
984	59
984	23
984	55
3203	68
3203	7
1341	45
1341	34
1341	49
1341	43
1341	55
4201	1
4201	50
1016	70
1016	42
1016	50
1016	2
2669	44
2669	49
1340	43
1340	74
1267	17
3901	16
3901	1
2733	68
2733	42
2733	44
2484	43
2484	50
2484	54
2484	23
2484	74
2547	69
2547	33
1039	16
1039	48
1039	62
250	43
250	54
250	23
250	74
928	17
928	42
928	44
907	42
437	71
1592	12
1592	62
1592	43
1592	23
1592	74
3265	70
3265	42
3265	49
3445	65
3445	68
3445	70
3445	42
3445	50
3445	74
2975	65
2975	66
2975	42
2975	64
3238	68
3238	16
3238	44
3238	50
3238	2
3238	54
3238	74
2828	68
2828	42
2828	1
2828	2
2828	73
2828	19
1160	1
1160	43
1160	54
1160	23
1160	74
2816	29
2816	12
2816	74
3243	65
3243	66
3243	42
3243	64
2894	68
2894	42
2894	27
1792	69
1792	7
1792	42
2920	1
2920	50
2920	53
2920	19
2920	74
4006	1
4006	50
4006	54
2020	38
2020	64
532	58
532	2
2618	69
2618	16
2618	2
2618	73
2618	19
2618	74
2803	4
2803	47
2803	23
2771	14
2771	2
2771	3
3302	49
3302	47
4187	66
4187	42
3675	17
3675	16
3675	64
3675	2
3675	73
3675	59
2001	29
2001	13
664	29
664	13
1452	70
1414	17
56	17
56	42
1747	68
1747	69
1747	42
1818	42
1818	4
1818	3
2628	68
2628	69
2628	36
2628	1
1358	68
1358	69
1358	36
1358	1
1835	16
1835	42
1835	49
1835	2
1835	73
1835	54
1835	10
1835	74
4206	3
3516	44
3516	43
3516	53
3516	73
3150	48
3150	62
3150	2
3150	59
3150	55
3519	17
348	23
2028	43
2028	23
709	49
709	51
2923	69
2923	44
3135	67
3135	17
3135	16
3135	13
3135	43
2227	71
3659	42
3659	64
3659	2
2599	65
2599	68
2644	65
2644	2
3967	29
3967	30
3050	56
369	69
369	44
1932	17
1932	16
1932	44
1932	55
494	70
3377	69
258	44
258	13
3017	40
3017	31
1462	29
4341	68
4341	69
4341	7
3954	44
3954	73
1074	68
148	17
148	45
148	43
1766	54
1766	19
1766	74
2570	69
2570	44
2570	19
497	65
497	69
497	37
3545	65
3545	6
1048	2
1048	47
1048	23
1048	74
1584	70
1584	14
1584	6
3838	45
3838	62
3838	43
3604	49
3604	51
3604	43
3604	3
3604	73
799	38
799	29
799	48
2897	49
2897	51
2897	3
2097	67
2097	68
2097	69
2097	7
120	68
120	27
120	49
120	51
1595	17
1595	16
2560	17
2560	16
2560	74
958	65
958	66
958	42
958	64
4252	16
4252	53
4252	73
4252	54
4252	59
4252	19
3308	50
3308	2
3308	19
3308	8
506	69
506	35
506	49
506	43
506	73
506	19
377	55
167	38
234	12
234	62
234	43
1096	42
1096	64
1096	4
1096	3
2607	51
2607	19
2024	69
2024	36
2024	19
2024	74
283	73
279	42
279	44
279	13
2070	42
1599	49
1599	51
149	38
149	64
2683	38
2683	31
2683	64
1772	31
2678	61
1652	61
2778	61
1107	61
1969	61
2094	62
2094	2
2094	54
2094	23
2094	74
2462	48
2462	44
2462	13
2462	74
3257	13
3257	62
3257	1
3257	2
419	16
419	42
419	13
419	54
419	23
419	74
2100	38
2100	64
184	65
184	66
184	69
29	48
29	62
29	49
29	43
29	61
3449	70
3449	42
4265	14
4265	7
4265	2
4265	3
1252	44
1252	13
2218	42
240	67
240	38
240	45
240	64
240	49
240	10
951	17
951	16
943	38
1349	42
1349	64
1349	54
1349	19
79	16
3087	42
3087	38
3087	29
4137	68
4137	44
4137	13
2369	17
2369	42
2369	64
2369	56
803	68
803	38
803	44
803	43
803	4
803	47
4219	17
4219	27
3619	62
3619	43
3619	23
3024	31
3024	64
3024	47
4085	17
4085	2
4085	55
378	45
378	43
367	38
336	42
336	73
3822	42
727	69
727	42
727	1
60	65
60	69
60	33
2048	73
1217	42
1217	2
1217	74
3273	42
3273	64
2267	62
2267	50
2267	53
2267	2
2267	73
2267	19
2267	23
2267	74
1149	42
1149	64
1149	73
3929	54
3929	23
3929	74
3592	30
3924	14
3924	74
2156	61
940	38
1409	29
2289	29
611	42
611	1
611	73
611	59
2093	38
2093	13
3819	12
2483	52
2483	40
2483	32
2483	12
2483	34
2483	49
2483	51
2483	43
2483	47
3486	52
3486	40
3486	32
3486	49
3486	51
3486	43
3486	47
3370	52
3370	40
3370	32
3370	49
3370	51
3370	43
3370	47
2765	52
2765	40
2765	32
2765	12
2765	34
2765	49
2765	51
2765	43
2765	47
3483	34
3483	74
4268	44
4268	13
4268	74
1436	70
1436	54
1436	23
1436	61
1436	74
4329	54
4329	23
4329	24
4329	74
207	54
207	19
207	23
207	74
471	70
471	62
471	11
471	1
471	54
471	23
471	74
1342	1
1342	54
1342	23
1342	74
2132	73
2132	54
2132	59
2132	19
2132	23
2132	74
4211	69
4211	1
4211	54
4211	23
4211	74
1482	69
1482	12
1482	54
1482	23
1482	74
496	54
496	15
496	23
496	74
3491	65
3491	39
3491	54
3491	23
3491	74
3509	73
3509	59
459	69
459	43
459	73
459	59
459	74
4124	70
4124	49
4124	3
1863	14
1863	2
1863	3
1197	48
1197	62
1197	73
2025	29
965	29
3783	29
3783	64
1982	29
2432	29
3211	70
3211	42
3211	64
3211	61
1682	70
1682	42
1682	64
1682	61
301	17
3800	17
625	16
625	13
625	57
625	1
625	73
3651	16
3651	42
3651	64
1834	16
1834	42
623	42
623	64
3337	42
3337	48
3337	62
3337	2
3337	54
1925	69
1925	70
1925	4
3940	42
3940	1
3940	73
3940	59
449	42
449	1
449	73
449	59
316	17
316	42
316	1
316	73
316	59
315	49
315	51
315	47
315	73
3326	49
3326	51
3326	47
3326	73
2849	30
1331	16
1331	44
1331	13
1805	17
1950	42
1950	1
1950	73
3069	17
3069	73
3069	59
2239	16
2239	74
644	16
57	66
57	42
2305	17
2305	42
2305	64
800	17
3818	42
3818	73
3818	54
3818	59
3818	74
3717	40
3717	48
3717	12
3717	49
3717	47
2317	29
989	29
1368	17
1368	72
2383	17
2383	44
2383	55
3866	68
3866	69
3866	14
3866	2
1054	12
1054	62
1054	43
1054	23
1054	74
1609	70
1609	23
3019	44
3019	12
3019	13
3019	62
3019	27
2092	43
3808	45
3808	49
3808	43
3808	47
3260	45
3260	43
3260	72
3715	69
3715	44
132	53
132	73
2773	29
2773	64
1293	45
1293	62
1293	49
1293	43
1293	56
238	69
238	52
238	40
238	37
238	56
2487	69
2487	44
2487	54
2487	19
2487	74
1660	62
1660	1
1005	68
1005	40
1005	12
1005	27
1005	51
1005	56
3850	45
3850	43
1416	68
1416	70
1416	45
1416	44
1416	43
1416	50
1829	52
1829	40
4287	52
4287	40
4287	49
3452	44
3452	1
3452	2
3452	3
3452	47
331	13
331	11
331	1
331	25
376	44
376	55
2403	16
2403	13
2403	43
2403	74
2148	19
2148	74
613	50
2191	42
2191	20
2191	1
2191	73
3752	65
3752	14
4422	38
4422	64
2686	69
2686	44
36	69
36	44
483	69
483	44
4117	69
4117	44
3306	62
3306	23
3306	74
1139	70
2282	68
2282	27
2282	49
2282	51
2282	43
180	56
2930	70
2475	13
2475	62
2475	43
2475	25
1922	62
1388	45
1388	43
2833	65
2833	66
2718	42
2342	69
2342	44
3949	62
3949	43
3536	45
3536	51
3536	43
3060	49
3060	51
3060	43
3060	47
1231	45
1231	44
1231	13
1231	43
2009	17
2009	16
2009	13
2009	10
2009	56
1471	74
1126	65
124	29
1854	16
1854	23
712	69
712	7
1038	43
1038	72
3407	49
3407	43
3407	47
4386	70
1077	52
1077	40
1077	32
1077	49
2179	29
3177	65
3177	67
3177	68
3177	33
3331	44
4419	44
4419	62
2847	42
2847	64
2038	45
2038	1
2038	43
2038	50
2947	30
3826	16
3826	31
4267	49
4267	51
4267	47
3801	45
3801	44
2061	67
2061	69
2061	45
2061	44
2061	50
2061	73
84	44
84	62
84	73
84	54
84	59
740	73
740	54
740	59
508	42
508	73
3223	38
3223	29
3223	12
3223	27
3008	65
3008	69
3008	6
1823	45
1823	62
1823	27
1823	49
2583	52
2583	40
2583	44
2583	12
2583	62
2583	2
2583	56
4343	43
4343	74
3613	69
3613	44
2705	47
1135	40
1135	12
3919	49
3919	51
3919	43
3919	47
2384	45
2384	13
2384	49
2384	43
2571	69
2571	37
2571	62
2571	56
2350	42
971	16
971	43
971	23
3875	62
3875	74
3998	16
3998	42
3998	54
1079	68
1079	27
1079	51
1079	43
1079	47
4351	69
4351	44
3365	13
2057	50
2057	2
2887	70
2887	45
2887	12
2887	62
2887	51
2887	43
2887	56
2189	45
2189	12
2189	49
2189	43
2189	56
464	38
3515	67
3515	40
3515	38
3515	64
737	68
737	70
737	43
737	50
737	19
3424	17
3424	42
3424	62
3424	11
3424	1
3424	50
3424	19
4202	62
4202	11
4202	1
4202	50
4202	19
1826	65
1826	14
1826	49
1451	67
1579	70
3595	65
754	69
754	14
2468	43
3348	29
3348	12
3761	42
3761	49
1265	11
1265	53
1265	73
2875	69
2875	27
2875	49
2875	51
1903	49
1903	3
876	42
876	46
876	74
1951	12
1951	49
1060	17
3217	42
3217	44
3217	55
3979	29
1204	30
3009	74
3883	17
3883	42
3771	29
3771	31
2915	29
2915	31
444	70
208	70
2274	69
2274	1
2274	50
2274	54
2274	19
2274	23
2274	24
2274	74
4375	70
4375	45
4375	1
38	57
3683	65
3683	66
3683	14
3683	6
4346	67
4346	3
1878	42
95	42
95	13
95	27
95	4
95	3
4075	14
4390	14
4390	44
1880	65
1880	66
1880	41
1880	19
302	17
302	38
1223	42
2175	29
3094	29
30	29
30	64
3375	43
2845	56
151	16
607	70
607	9
607	19
1328	69
1328	5
2890	44
2890	72
3356	44
3356	72
2378	49
2378	43
2378	3
2378	47
2565	17
2565	42
2565	64
2452	29
1433	29
1908	29
1875	68
1875	49
1986	65
1986	69
165	49
165	43
165	47
28	69
28	74
3047	65
1495	2
4115	16
4115	62
3934	66
3934	3
182	48
182	56
2164	38
2164	64
4331	65
4331	69
4331	1
214	65
214	67
3197	74
51	65
211	16
211	43
211	23
3470	17
3470	64
3764	48
4363	73
4363	59
4363	55
3495	43
3495	23
139	49
139	3
1386	65
1386	6
2504	43
2779	67
2779	69
2779	14
2779	58
2596	65
2596	27
2596	49
2596	51
2596	43
2596	25
3188	47
3720	16
3720	50
3720	74
1473	44
1473	13
2331	19
484	16
484	23
484	56
1076	65
1076	42
3749	43
4	68
4	27
4	49
4	51
2490	52
2490	32
2490	1
2490	49
3786	43
3786	26
272	62
272	49
272	43
272	73
272	54
272	23
272	24
272	74
3564	62
3564	49
3564	43
3564	23
3564	24
3564	74
2546	52
2546	40
2546	32
2546	12
2546	34
2546	49
2546	51
2546	43
1024	52
1024	40
1024	32
1024	12
1024	49
363	16
363	44
363	74
4105	70
4105	42
4105	22
4105	47
2456	44
1559	16
1559	10
1559	23
1262	69
1262	41
1262	52
1262	40
1262	58
1262	49
101	69
101	41
101	52
101	40
101	58
101	49
101	56
2407	44
2407	12
2407	13
2407	62
2407	27
1249	3
292	68
292	69
292	36
292	44
1329	2
1329	3
1990	16
1990	42
3803	17
3803	16
3497	66
3497	13
742	65
742	66
742	6
742	58
2942	69
2942	36
2942	19
1242	65
1242	66
1242	49
2695	67
2695	39
2941	29
2941	64
1708	44
1708	13
578	70
903	49
903	43
903	47
2039	49
2039	47
3617	19
2250	16
2250	19
1651	69
1651	10
1651	56
1493	70
1493	9
1493	74
1287	44
1287	12
1287	13
1287	62
1287	27
1402	70
1402	58
4087	29
4087	64
4299	1
4299	49
4299	51
4299	47
1211	17
1211	42
1211	1
1211	73
1211	59
3311	42
3311	48
3311	1
3311	73
2473	52
2473	40
2473	32
2473	49
2214	12
2214	62
2214	2
2582	65
2582	69
2582	41
2582	56
2555	68
2555	50
2555	23
1852	2
1852	19
3271	48
3271	49
3271	2
3271	3
3271	47
3681	49
3681	51
3681	47
2187	16
2187	1
4298	70
4298	6
4298	49
4298	43
1745	43
1339	48
1339	62
1339	2
818	67
1458	16
1458	74
554	16
554	42
793	17
793	42
4277	31
3682	69
3682	73
3682	54
3682	19
3682	74
804	62
804	2
1628	66
1628	70
1628	6
1628	48
1628	58
2201	45
2201	44
2201	62
2201	43
2201	26
3677	51
3677	43
4310	6
4310	40
2091	2
3436	49
3436	51
2667	69
2667	70
2667	6
2667	37
1008	70
3582	68
3582	44
1201	69
2680	49
2113	69
2113	70
3721	69
3721	44
3694	19
1723	49
1723	43
3885	49
3885	43
1284	49
1284	51
1284	43
1284	47
2110	70
337	30
4193	37
566	74
1976	42
1976	64
3212	49
3212	51
3212	3
4276	16
4276	62
4276	11
4276	23
4276	55
96	70
96	44
895	69
895	44
2341	69
2341	70
2341	44
1099	69
1099	44
1099	19
749	14
749	6
2065	14
2065	6
1921	29
2892	73
2892	59
3689	16
1448	14
1448	40
1448	12
852	39
782	69
782	16
782	54
669	69
3334	14
3334	6
1841	69
1841	44
1841	19
2323	17
2323	16
2967	16
2967	64
1144	49
1144	47
3504	49
3504	3
1702	44
1702	13
529	70
3997	69
747	42
1919	42
1515	67
1515	49
1515	43
3455	49
3455	43
4022	74
62	16
62	62
62	1
1980	40
1980	9
1820	40
1820	49
1820	56
4391	49
4391	51
4391	47
150	70
150	3
2900	70
993	70
2017	29
978	12
3777	29
1464	29
1464	64
1500	29
1500	64
1071	29
2965	16
2965	61
4157	69
4157	42
61	38
61	44
61	12
61	13
61	62
61	27
2868	40
2868	12
1560	2
222	42
47	43
1028	70
1028	49
1028	2
3081	49
3081	51
2381	49
2381	43
3386	49
3386	43
362	49
362	43
1902	49
1902	51
2194	49
1461	49
1461	43
2684	49
2684	43
4158	49
4158	43
2556	49
4191	65
4191	49
4191	43
69	65
69	49
69	43
1311	49
1311	3
659	49
659	43
967	68
967	14
967	12
967	27
191	68
191	70
191	43
1131	67
1131	68
1131	44
2173	17
2655	68
2655	70
2655	43
2655	50
1046	69
1046	44
3272	70
1119	65
1068	67
1068	68
1068	69
1068	7
1055	67
1055	14
3067	74
602	70
602	44
602	19
3117	69
3117	6
3117	58
1186	70
1186	9
1186	49
1186	43
1186	61
870	42
870	73
2792	17
2792	42
2792	54
2622	14
2622	42
2760	17
2760	28
1241	29
4269	29
4269	30
4080	29
1728	65
1728	69
1728	41
1728	58
3918	65
3918	70
603	62
603	49
603	43
603	56
1750	65
1750	2
1750	3
338	53
338	73
930	68
930	45
930	25
4407	39
1655	39
2247	70
2247	44
3164	69
3164	70
3164	44
3164	19
2722	1
2722	50
138	69
138	36
138	42
138	74
1943	68
1943	44
1943	11
1943	1
1943	50
3606	16
3606	42
3511	68
3511	70
3511	44
3511	43
1196	17
1196	42
1196	44
15	17
15	38
2078	68
2078	16
2078	44
2078	2
2078	73
2078	54
2078	10
959	44
959	12
959	13
959	62
959	43
959	2
959	73
959	74
1989	17
1989	2
1989	55
3655	23
1540	69
1540	16
1540	2
1540	74
1987	42
1987	74
2711	42
171	16
171	62
498	70
2784	12
2784	49
2784	43
2784	56
1477	16
2704	65
2704	69
2704	39
2704	30
2704	71
443	49
4096	49
4096	51
4392	68
4392	16
4392	44
4392	49
4392	43
4392	47
4392	73
1605	42
1605	2
4111	12
4111	49
4111	43
1726	68
1726	12
1726	27
1726	61
4079	70
1891	69
1891	19
2062	43
2062	21
1472	74
67	38
1320	69
1320	7
474	29
691	52
691	40
691	32
691	49
691	51
691	43
691	47
1717	52
1717	40
1717	32
1717	49
1717	51
1717	43
1717	47
486	52
486	40
486	32
486	49
486	51
486	43
486	47
692	39
692	62
1957	39
1957	62
4063	45
4063	13
4063	62
3730	45
3730	62
3730	49
1112	70
1112	44
1112	49
1112	43
3136	29
3496	44
34	49
34	43
3952	69
3952	44
3952	19
306	48
306	62
306	2
2601	52
2601	40
2601	49
3608	52
3608	40
3608	12
3608	49
3630	52
3630	40
3630	49
595	42
595	30
595	62
595	2
4256	27
4256	49
4256	51
4256	2
4256	4
4256	3
4256	47
2047	2
3413	49
3413	51
3413	43
323	45
323	49
323	43
2682	16
2682	74
2836	70
1	70
568	44
1517	14
1517	6
2762	68
2762	69
2762	14
3283	17
3283	16
3283	64
3283	74
109	44
109	13
163	2
4370	65
4370	69
3083	70
3083	2
3083	19
3118	29
3118	30
1264	74
116	69
116	70
878	68
878	44
3039	29
2561	69
2561	44
198	31
198	64
198	54
198	56
4136	48
1363	29
1363	56
1542	29
1542	56
310	6
310	4
310	3
3210	65
3210	69
1791	68
1791	69
1791	7
457	65
457	69
457	14
457	58
320	68
320	44
320	50
320	19
2788	47
783	40
783	12
783	56
547	74
4034	33
4034	38
551	42
3621	49
3621	47
3551	39
3649	40
4319	49
4319	51
480	45
480	49
480	43
986	14
2612	17
1850	43
1850	2
1850	73
4317	52
4317	40
4317	32
4317	49
2500	29
37	69
37	16
2393	52
2393	40
2393	45
2393	63
103	70
103	40
395	49
1474	49
1474	43
2991	43
1913	68
1913	70
3939	39
3939	58
4016	68
4016	70
4016	50
4016	23
4016	74
555	44
555	13
1330	65
2045	2
2045	54
2045	74
3492	49
3492	47
672	65
672	69
2510	74
4379	40
4379	42
4379	56
1191	65
3962	42
3962	1
2032	62
2032	43
2032	2
972	70
972	40
972	54
982	69
982	6
3780	48
3780	2
53	48
53	62
53	2
53	23
3946	7
3946	44
3946	12
3946	13
3946	62
2780	67
2780	68
2780	47
3836	69
3836	14
3836	37
3836	42
1631	19
2731	67
2731	38
2731	64
3817	70
3817	49
2728	29
2728	30
4232	29
1468	65
1468	68
1468	6
2748	67
2748	69
2748	40
2748	74
1422	49
1422	43
1422	55
1570	68
1570	17
1570	27
1570	2
115	49
115	43
3693	29
1866	69
1866	36
3810	65
3810	68
3059	71
3342	69
3342	74
3533	66
3533	19
3964	69
3964	14
2934	16
2934	44
2934	74
3462	67
3462	68
3462	14
2953	65
2953	71
202	49
202	51
202	47
4002	42
4002	73
2741	65
2741	66
2741	69
2741	14
2741	29
2741	58
2549	68
2549	70
2549	50
2549	2
2549	73
1764	49
1764	51
1764	43
1764	47
2573	19
4131	44
4131	13
2079	70
2079	35
2079	49
3500	67
3500	17
3500	38
3266	49
3266	47
4412	73
4412	54
4412	59
1152	43
593	38
593	30
593	31
593	27
673	49
673	19
4129	17
1454	65
909	33
909	38
2770	38
227	14
3759	38
3759	49
3759	43
2712	14
4342	65
4342	42
913	69
913	6
913	2
1355	16
2021	13
2021	11
2021	1
2021	25
3526	13
2772	71
2772	45
3632	52
3632	40
3632	37
3632	49
3632	56
810	13
810	73
1999	65
3877	16
2972	52
2972	40
2972	58
2972	49
3550	69
3550	36
3550	19
3550	74
2629	65
2629	56
2269	51
3502	16
3502	2
3502	15
3502	56
2672	68
2672	27
2672	49
2672	51
105	38
3440	69
3440	37
2437	14
2437	12
1095	16
2873	70
2873	49
3304	69
1114	69
1114	7
1114	37
3173	30
4337	49
4337	51
4337	43
4337	3
3716	70
3716	42
3716	22
3716	47
646	2
1885	49
1885	43
1885	56
189	49
189	47
3384	44
3153	29
3467	30
2011	42
2354	15
2299	40
2299	42
2299	56
40	47
40	19
968	49
968	3
968	74
4135	49
3022	36
956	42
956	1
956	50
956	47
1788	31
1788	64
2472	2
1255	39
422	65
422	68
3887	44
3887	13
570	17
570	28
1029	66
1029	47
879	14
879	58
3959	38
2743	68
2743	27
2743	51
3862	65
3862	69
3862	6
3862	37
3862	32
55	67
55	17
55	64
55	22
741	65
741	69
741	14
1979	65
1979	69
1979	14
1979	16
1979	44
1979	19
3876	29
543	69
543	33
996	16
2542	13
3963	38
3963	49
39	38
39	71
39	64
3463	13
3463	24
391	65
391	67
1666	48
3708	56
3549	70
477	68
477	27
477	19
1021	65
1021	69
1021	14
1273	13
1273	56
263	69
263	41
263	40
263	49
1699	49
2325	65
2325	69
2325	6
2325	37
2325	2
3378	38
3378	49
1148	42
1548	49
1548	51
2624	69
2624	46
2624	74
4348	67
4348	17
4348	2
905	69
905	3
4156	68
4156	69
4156	70
4156	50
2626	65
787	29
1009	49
1009	51
1695	39
1695	64
1732	42
1732	29
1732	50
490	14
490	54
4099	68
4099	69
4099	50
668	66
668	48
668	44
450	69
2992	68
2992	27
2992	51
2992	3
2400	14
3398	74
3447	13
3447	22
3042	65
3042	66
3038	69
3038	36
3038	44
3038	54
1963	33
1963	38
1338	29
1338	56
2643	15
2643	10
2643	19
1670	42
2775	70
2775	16
2775	19
2775	56
2848	65
2848	14
2848	6
2848	3
2848	54
2848	74
2427	65
2427	66
2427	2
2840	49
2840	51
2971	69
2971	41
2971	27
2874	71
259	14
4033	67
4033	14
4033	17
863	74
2426	38
2426	49
2426	43
1199	13
1773	69
1773	40
1773	37
1773	56
575	62
575	73
575	59
2000	52
2000	40
2000	49
2000	2
1446	27
1446	49
1446	51
1446	4
1446	3
3676	49
3676	47
745	71
4284	67
3691	66
3691	67
1929	49
3397	14
3397	42
3397	64
1602	69
1602	17
1602	42
1602	1
1602	19
3642	38
3731	69
3731	7
1550	29
1550	56
2795	68
2795	69
2795	7
843	16
843	74
2914	69
2914	3
3209	1
3209	43
3209	25
3827	68
3827	69
3827	44
144	67
1936	69
1936	70
1936	14
1936	41
1936	32
1936	58
328	14
328	6
3640	45
3640	44
3640	12
3640	43
926	29
3674	30
3128	69
3128	19
1876	14
1455	42
1455	2
2373	69
2373	70
3966	49
3966	74
1597	67
1597	14
1597	62
1124	65
1124	66
1232	17
3884	38
3884	49
3884	43
4350	70
2123	67
3457	14
63	44
63	13
63	47
1636	67
1636	68
1636	27
1890	69
1890	41
1890	40
1890	49
1890	2
2081	65
2081	67
2081	14
881	70
2649	67
2649	50
1573	74
2611	38
1941	70
1941	56
872	65
872	69
872	6
1514	70
1514	44
1514	43
1494	29
3562	29
2095	43
775	45
775	43
1371	69
1371	44
1371	19
3950	29
1993	44
1993	43
1642	14
1642	6
1642	4
1642	3
3425	69
3425	43
3425	19
4217	65
4217	6
4217	44
3133	39
1819	68
1819	44
899	14
899	40
899	48
899	62
3168	68
3168	70
3168	19
2336	45
2336	13
2336	11
2336	49
2537	70
2537	13
2537	15
1246	70
1246	13
1246	43
1246	21
3778	16
3778	73
1180	29
3346	67
3346	14
3346	17
3346	10
4225	29
2717	67
615	14
1151	49
1151	3
13	29
13	64
3179	29
3195	29
1803	29
655	29
1706	17
1972	69
1972	44
1972	19
2997	62
2997	60
2997	23
548	2
1239	65
2522	14
2831	49
2831	4
2831	3
1153	49
1153	43
3478	49
3478	43
2558	70
2558	9
1066	44
1066	57
161	17
3309	70
3309	51
1697	50
1697	53
1697	73
1532	67
1532	50
3739	67
3739	38
3739	39
2321	70
2321	49
2321	51
2321	43
2321	2
2321	59
658	64
658	43
123	68
123	45
123	27
123	43
3559	74
1873	49
1873	43
1873	3
1873	47
3239	48
3239	62
3239	2
4340	70
1109	68
1109	44
1485	51
1485	43
1937	39
618	67
618	17
618	38
3471	65
3471	66
3230	65
1492	69
3252	42
3252	2
3252	3
2007	65
2007	66
1158	49
1158	51
1158	43
520	69
520	74
2374	65
2374	69
2374	14
3518	49
3518	3
3518	47
3055	40
147	59
932	67
932	38
932	28
932	74
1516	14
4185	59
3051	68
3051	69
3051	7
173	68
173	14
3459	67
3459	68
3871	45
3871	43
3281	30
3281	64
3281	19
2595	70
2595	49
2727	65
1681	45
1681	49
1681	43
1681	47
2338	49
2338	43
3227	70
3227	44
1274	66
1274	49
1274	51
1274	43
2430	4
762	70
762	27
4133	49
4133	3
1520	62
1520	2
2330	14
2330	49
2330	3
2330	47
1459	42
1459	54
3779	1
3779	43
4275	49
4275	47
2382	49
657	14
657	6
657	44
657	12
1432	43
2277	45
677	70
677	44
100	42
4065	38
4065	39
4065	56
1110	23
2186	13
934	49
934	51
934	43
934	47
3723	70
261	6
261	49
261	43
261	47
261	56
2255	48
1326	49
3419	67
3419	68
3419	14
3419	47
1626	47
3896	69
1756	74
545	52
545	40
545	32
545	49
545	2
545	19
2077	17
3626	12
3626	62
3626	43
3626	23
3626	74
1680	2
2469	67
2469	40
1912	65
1912	14
1912	6
1912	19
4359	51
4359	3
2973	16
2973	74
3286	70
3286	45
3286	15
3286	10
136	69
136	49
136	51
136	43
1698	65
1698	58
3848	69
3848	49
2104	69
2104	19
3406	17
3406	54
1428	70
1428	17
1428	42
1428	64
1428	73
3863	44
3863	13
4306	6
4306	40
4306	12
2674	69
2674	44
4330	67
4330	38
4330	64
1294	69
1294	6
1294	49
1294	51
1294	43
230	70
230	3
2895	65
2895	14
2160	70
2160	42
534	17
534	2
534	55
3421	1
3421	43
380	69
380	43
380	19
217	12
217	13
217	27
217	56
3996	16
2050	70
4241	67
4241	38
4241	54
304	67
4171	42
232	48
2105	25
695	68
695	29
695	62
2700	68
2700	50
2700	3
2679	70
2679	58
706	69
706	44
3167	14
3157	65
3157	69
3157	37
424	52
424	40
3790	52
3790	40
3790	49
2480	29
2769	68
2769	44
1203	70
1203	49
882	48
882	49
882	51
882	43
2738	70
2738	14
2738	12
3913	69
3913	41
3913	52
3913	40
3913	58
3913	49
341	44
552	70
3369	47
3369	56
2838	38
2838	62
2838	43
3641	13
1496	69
1496	44
1496	19
25	44
3489	69
3489	44
4361	69
4361	44
4361	54
4361	19
2981	69
2981	44
2981	19
3528	45
3528	49
3528	43
428	45
428	62
4183	49
4183	51
4183	43
4183	3
3383	16
3383	42
3383	74
2463	16
2463	42
2463	74
4101	16
635	70
635	17
635	42
3333	68
3333	44
1988	69
1988	70
1988	40
1988	56
2006	69
2006	58
2006	2
2424	66
2424	16
2424	47
2424	56
2037	38
2037	44
2037	12
2037	13
2037	62
2037	27
3614	53
3614	73
685	68
685	70
685	50
3344	38
2101	44
2101	12
2101	13
2101	62
2101	27
4278	69
4278	44
4278	27
4278	49
4278	51
4278	47
4278	19
1064	14
1064	40
1064	12
1064	22
1064	19
2928	44
2928	25
2767	19
2767	74
1839	74
270	29
2826	13
3247	29
966	47
2723	17
2723	28
2861	19
4188	45
4188	43
3095	68
3095	69
3095	33
3095	27
3196	70
1833	2
1833	3
1907	65
1907	66
4308	17
4308	44
4308	55
2869	64
2869	54
3073	69
3073	37
3073	22
3073	58
788	69
2379	14
2379	6
3110	67
3110	17
3110	16
3110	38
4335	44
4335	13
3249	67
3249	68
3249	27
4089	65
4089	66
4089	67
3851	69
3851	6
3851	58
2435	2
642	29
4014	67
3713	70
3713	14
3713	6
3713	35
3713	51
3894	40
3772	13
4005	69
4005	14
4005	37
4005	32
4005	19
779	14
779	40
42	2
42	15
3513	67
662	65
662	69
662	37
439	42
439	64
3768	45
1870	31
1938	70
3451	19
1177	56
3129	14
2818	45
203	17
203	42
2657	17
2657	44
2425	29
2219	51
2219	19
1535	40
1535	62
1535	2
1086	49
1086	43
4009	49
4009	43
922	49
922	43
922	47
2397	49
2397	43
1510	49
1510	51
1510	43
1510	47
3332	49
3332	51
3332	47
3096	49
3096	51
3096	47
3268	44
3268	12
3268	13
3268	62
3268	61
4091	43
2371	69
2371	19
1278	19
1278	74
2789	70
1798	65
1798	42
1798	20
1798	73
1721	69
1721	50
1721	53
1721	2
1721	73
1721	19
1721	23
963	2
963	19
963	74
666	73
2578	44
2578	12
2578	13
2578	62
2412	49
976	19
976	74
7	49
7	43
3305	69
3305	6
3305	49
3305	51
3305	43
2352	70
1337	70
598	8
1622	45
1622	43
2944	70
1817	70
1817	44
1817	19
1353	73
608	2
608	47
192	67
192	14
3364	69
3364	36
3364	73
3364	54
3364	19
3364	74
1043	69
1043	44
3880	2
1157	3
2455	70
734	49
734	51
1620	49
1620	3
1037	49
1037	43
3600	68
3600	70
3600	44
3600	19
2211	67
2211	49
2211	43
2931	14
2956	49
2956	43
2956	47
3072	43
750	68
750	70
750	16
750	54
626	49
626	43
626	47
3830	68
3830	69
3830	16
3830	44
3568	14
574	70
3995	49
3995	47
1693	49
1693	3
3123	48
1227	69
1227	7
2726	17
2726	16
2726	2
330	70
330	2
330	73
4068	69
2846	69
2846	42
1785	45
1785	43
8	48
918	49
918	51
985	69
985	70
985	44
985	19
3957	69
3957	70
3957	40
1692	16
4179	67
4179	68
925	70
925	44
141	65
141	69
141	37
2285	48
3941	69
3941	6
3941	7
929	38
929	29
350	66
350	40
2721	67
2721	68
2721	54
1716	65
1716	66
1716	2
3900	48
4368	45
4368	43
2893	2
2893	3
4197	17
4197	2
4197	55
973	32
973	16
973	43
973	23
629	49
629	51
629	43
3126	2
1965	70
1965	6
701	14
701	52
701	40
4336	54
4247	2
2988	52
2988	40
2988	56
1684	1
1684	2
1684	73
2951	70
2951	44
4408	69
4408	44
4408	19
4051	70
4051	44
4051	49
4051	74
1512	69
1512	70
1512	6
1512	44
1862	73
1862	59
1862	19
4349	69
4349	19
1063	49
1063	51
1063	43
1063	47
1611	49
1611	43
1611	74
4038	68
4038	14
4038	27
1377	66
1359	66
1359	67
197	67
94	69
94	16
94	19
2985	45
2985	43
1174	70
1174	50
667	65
667	67
667	68
2603	14
2174	45
2174	49
2174	43
4270	2
4270	3
2320	2
2824	14
2824	42
2824	56
2613	69
2613	14
2613	50
2613	73
2739	70
2739	44
2739	8
2853	49
2853	2
2853	3
233	14
3116	43
3427	66
4402	67
1554	67
3576	67
3576	49
3576	2
3576	3
2026	19
2750	45
2750	49
2750	51
2750	43
2750	55
1790	42
1790	35
1790	46
4239	69
4239	44
4239	19
88	69
88	42
88	2
88	19
88	74
1633	69
1633	33
3477	68
3477	70
3477	50
3477	2
1453	49
660	69
660	70
660	44
1257	67
1257	68
1257	17
1257	27
1610	65
1610	66
1610	2
2966	70
2966	50
2966	2
2966	73
789	69
789	70
789	44
789	19
2588	74
451	43
2651	42
2651	2
2651	73
205	66
205	14
205	47
4292	70
1971	68
1971	69
1971	70
1971	2
761	69
761	16
761	19
4107	19
1137	49
3472	16
3472	73
3472	19
452	42
452	64
1553	62
1553	73
1553	59
1134	15
1134	56
2949	42
2949	2
2949	74
3061	69
3061	19
3049	14
3049	49
756	69
756	59
3755	69
3755	16
3729	62
3729	73
3729	59
2548	68
2548	44
2548	49
2548	43
2548	73
468	3
468	73
296	59
2126	69
2126	70
2126	16
2126	44
2126	54
2126	19
2126	74
2184	13
3349	70
3349	42
3349	22
3349	47
3349	73
2076	69
2076	19
1952	59
1258	35
1258	46
271	44
271	13
2109	74
2180	50
2180	53
2180	2
2180	73
2180	19
2180	23
2707	38
2707	49
2707	51
2707	43
3244	43
2860	16
2860	74
481	49
481	47
4237	49
2296	35
2296	46
2830	69
2830	74
3315	49
3315	43
1714	49
1714	43
1487	40
3530	74
2959	17
3080	70
4254	12
3473	44
3473	13
4119	2
4119	19
1045	49
1045	51
1045	3
3955	2
786	74
999	49
999	51
999	47
126	66
126	49
126	73
2419	70
2419	40
399	49
1668	49
743	15
743	56
3318	68
3318	44
3318	13
3318	1
3318	2
220	45
220	43
220	47
475	65
475	69
475	7
475	33
475	2
475	3
2200	42
3665	74
2358	43
19	49
19	51
19	43
1565	51
3870	68
3870	14
2447	2
3908	49
3908	43
1974	69
1974	19
2273	49
3062	49
3062	51
3062	43
1411	69
1411	44
1843	13
1843	11
1843	1
1843	2
262	42
262	2
262	47
817	49
817	43
1087	49
1087	51
3307	66
3307	69
3307	49
3307	51
3464	68
3464	16
3464	44
3464	2
1581	42
1581	2
1581	73
1799	49
1799	51
4058	17
4058	2
4058	55
4045	47
2291	65
2291	27
2291	49
2291	51
2291	25
2254	2
3799	65
3799	69
3799	37
564	66
564	67
564	69
564	17
564	16
564	49
564	51
1962	49
3113	69
3113	36
3113	2
2640	45
2640	44
2640	43
3264	65
3264	51
2340	17
2340	16
2340	47
2340	54
2340	59
2340	23
2340	74
1292	52
1292	40
1292	1
1292	49
3859	49
3859	51
1081	70
1081	50
1081	2
719	19
3673	19
3847	68
3847	70
3014	69
3014	36
2658	49
3544	17
2974	49
2974	43
1615	49
1615	47
3798	52
3798	40
4028	67
983	45
983	49
983	43
168	49
883	45
883	49
883	51
883	43
44	66
44	42
1256	67
1256	68
1256	47
1280	8
3705	49
421	16
478	69
478	40
478	37
478	56
3093	52
3093	40
3093	12
3093	49
1489	17
1489	2
1489	55
3578	17
3578	16
3578	1
4030	51
499	69
499	44
499	49
499	19
1518	70
1518	62
1518	11
1518	1
1323	42
1323	38
1768	68
1768	14
1768	2
1768	47
3905	31
1101	49
1101	47
2493	68
2493	48
2493	45
2493	62
2493	27
2493	49
2493	43
2493	2
3248	65
3248	66
3248	58
3248	19
3987	65
3987	69
3987	14
2805	67
2805	16
2805	38
2805	29
707	22
707	3
707	47
707	73
3662	40
429	67
429	68
264	14
264	17
1125	54
2453	65
2453	67
960	69
960	6
2579	44
432	74
3417	49
3417	3
688	65
688	62
688	11
688	1
2885	2
3874	70
85	49
85	43
3920	70
3920	49
3920	4
3270	45
3270	44
3270	19
2054	40
725	2
1248	65
1248	68
3839	29
3839	56
4301	2
1782	68
1782	14
1782	42
92	57
92	2
1225	56
2122	45
2224	29
2165	12
3965	69
3965	14
3965	27
681	13
681	22
836	40
836	12
836	62
836	2
3917	52
3917	40
3917	32
3917	49
3917	43
2496	68
2496	38
2178	65
2178	67
1343	19
4172	44
3532	39
1678	38
1889	42
4289	65
4289	69
4289	37
1034	68
1034	70
1034	2
90	69
90	44
3970	65
3970	69
3970	37
2665	65
479	17
479	16
166	49
1830	67
1830	38
931	70
3508	70
3508	56
4355	49
4355	51
4355	43
1251	68
1251	40
1251	27
1251	51
1754	6
1754	12
553	68
553	70
553	22
553	47
553	73
3361	69
3361	42
2119	49
2119	43
221	40
221	49
221	51
221	43
4120	45
650	68
650	14
3943	16
3943	42
2143	68
2143	27
1163	19
1163	74
1082	38
1082	31
1082	3
1733	69
1733	7
2434	44
656	38
563	70
563	16
563	74
1836	49
1836	47
636	66
4380	71
400	49
400	47
1012	14
460	69
460	36
4304	14
4304	6
3121	69
3121	41
1760	40
1760	12
1171	19
236	69
236	36
423	22
423	51
423	43
1935	14
1935	6
1015	17
1696	45
1696	43
1576	3
1576	19
1576	74
442	14
68	67
68	17
68	16
68	74
816	49
4205	19
1440	14
1440	49
1440	51
1372	39
1121	39
2355	45
2355	49
2355	51
2355	43
3992	66
3992	42
2149	49
2149	51
2149	3
2271	17
3063	73
1391	68
1391	70
1391	27
781	65
1441	71
1441	45
2479	65
2479	69
2479	37
2742	68
2742	69
2742	14
2742	74
1400	49
1400	43
893	14
893	6
893	58
893	3
893	47
342	22
342	4
342	3
1838	49
1838	43
3193	69
1065	49
1065	51
1065	43
1958	49
1958	51
1958	3
729	65
729	69
729	14
2389	49
245	49
245	3
352	49
352	43
1483	69
1483	19
2075	47
3867	49
3867	51
2637	65
2637	27
2637	49
2637	51
2637	43
2637	25
3275	49
2115	49
2115	43
2115	47
2693	49
3220	66
3220	69
3220	70
3220	49
3220	43
4166	49
300	68
300	70
300	45
300	44
300	49
300	74
3429	45
3429	63
3429	43
2391	2
2391	47
2755	51
3328	66
3328	51
3328	43
156	49
156	51
156	47
661	38
661	49
661	51
661	43
3415	70
3415	44
3415	50
3415	19
3415	74
3593	49
3593	43
3593	47
3277	69
3277	19
1302	70
1302	44
2515	49
2515	51
717	49
717	3
717	47
3585	49
3585	43
1653	13
1653	72
4424	49
4424	43
58	49
58	43
3385	40
2085	69
2085	44
2004	65
2004	49
2004	43
4258	68
4258	16
4258	44
4258	2
2725	42
4128	42
3246	19
4354	38
4354	56
1749	14
1749	39
4260	69
4260	6
4260	7
2458	6
2458	48
2458	44
937	56
1671	14
3627	68
3627	70
1685	51
1685	43
3622	69
3622	41
2233	42
2233	27
3631	71
3097	69
3097	36
3372	49
3372	51
726	40
4074	30
1138	49
1138	47
2283	65
2283	6
2283	19
491	69
2108	17
2108	38
2108	31
2108	19
3983	38
3983	12
2531	67
2531	14
2334	4
2334	3
2410	45
2410	13
2410	11
2410	49
436	67
436	17
436	38
436	64
436	27
2213	17
2213	38
2055	17
2055	38
1869	67
1869	17
1869	38
2647	17
2647	42
630	70
630	40
3205	49
3205	43
671	22
671	4
671	3
2581	17
2581	42
2581	44
1105	17
1105	27
2270	53
2270	73
2882	67
2882	39
317	65
317	14
317	6
2916	49
2916	43
326	69
326	37
3041	17
3041	64
1519	2
1519	15
2279	1
2279	43
2529	74
2199	4
1291	66
1291	67
1561	68
1561	69
1561	14
1561	49
2411	40
2411	56
2249	33
2249	38
3684	49
3684	4
3684	3
3684	73
1506	2
4367	2
1861	2
375	72
3018	66
1385	2
1421	2
2993	66
2716	70
2716	14
2716	44
2716	49
1992	69
1992	70
1992	44
1763	65
1763	6
4186	43
2125	70
1703	67
1703	68
1703	17
1491	49
1491	51
731	70
288	70
288	44
