1891	43
1891	45
1891	40
1891	51
1378	40
1378	130
1800	40
3144	33
3144	31
3144	29
3144	40
2760	40
2642	29
2642	43
2642	40
1039	29
1039	40
1039	128
2394	43
2394	38
2394	39
2394	147
2394	100
2394	44
2394	26
3819	43
3819	38
3819	39
3819	147
3819	100
3819	44
3819	26
626	43
626	38
626	39
626	147
626	100
626	44
626	26
2942	43
2942	38
2942	39
2942	147
2942	100
2942	44
2942	26
2413	65
2083	33
2083	43
2083	46
2083	65
3603	43
3603	65
3686	33
3686	43
3686	65
3370	65
3458	65
4008	65
1520	65
761	65
3367	65
1713	65
1713	128
1592	40
1592	65
2423	65
3754	43
3754	65
3704	65
2216	65
2216	52
2316	65
2316	52
1911	65
269	65
269	128
2438	43
2438	65
435	65
1537	65
3236	65
772	65
772	52
3302	65
859	45
3386	43
3386	45
1100	45
1100	51
835	43
835	45
843	45
843	58
1761	45
3582	43
3582	45
2546	45
3515	45
124	36
124	148
1499	128
2851	33
2851	29
2851	43
2787	139
2787	96
2828	2
2828	98
1019	52
2615	102
2615	118
2615	43
2615	105
2615	18
2681	33
2681	51
3337	33
3337	51
2703	33
2703	51
3994	33
3994	51
1209	40
1209	51
2142	40
2142	51
2174	31
2174	29
2174	40
168	40
3890	40
2115	87
2115	144
2115	29
2115	43
2115	40
2115	153
1966	29
1966	40
1118	40
1118	51
3803	139
3803	101
3366	139
3366	101
3572	31
3572	51
1062	31
2806	31
2806	42
2924	31
273	31
273	42
68	31
68	42
2422	105
2422	52
83	98
1703	105
1703	128
707	105
707	18
707	52
428	105
428	18
2054	105
2054	52
348	105
652	87
652	147
652	1
1598	144
1598	43
1598	41
1598	40
1598	105
1598	147
1598	93
1598	154
1598	26
3848	43
3848	45
3848	1
3848	139
1980	29
1980	122
1980	51
1980	58
3295	29
3295	40
3295	122
3295	58
3450	29
3450	40
3450	122
3068	29
3068	43
3068	40
3068	122
3068	58
1821	29
1821	40
1821	128
822	29
822	40
822	105
822	128
2161	29
2161	40
2161	122
2161	58
3790	29
1176	29
1176	40
2375	32
2375	29
2375	40
3638	29
3638	1
3054	139
3054	101
1850	51
1850	139
1850	101
2247	60
3258	36
3258	43
3258	139
3258	71
3258	60
3258	62
3258	13
361	17
361	52
361	153
361	89
3864	17
3864	52
905	105
905	17
905	128
3623	105
3623	17
3623	128
4020	105
2282	105
4022	29
4022	105
3826	43
1294	105
1294	17
2888	105
3276	105
3276	52
3292	105
577	105
577	17
577	52
2777	105
2777	17
2777	52
152	43
152	17
1167	17
1167	52
3769	17
3020	17
1697	105
1697	65
1697	17
1515	17
475	17
2258	105
2258	52
2902	105
248	105
3905	43
3905	58
3148	105
3121	105
3121	17
1676	105
3215	105
3215	52
2028	149
686	105
686	17
686	51
686	52
413	105
413	65
2439	17
1321	10
1321	99
1321	153
464	87
464	10
464	43
464	40
464	1
464	99
464	153
2721	87
2721	10
2721	43
2721	1
2721	55
943	139
2182	136
177	139
177	85
533	26
799	99
2594	64
3449	115
3449	31
3941	32
3941	128
3941	85
345	43
345	134
345	1
1	26
2653	98
2653	74
2759	94
163	24
163	144
163	110
581	138
581	88
581	133
1229	38
1229	51
744	40
744	130
744	1
744	3
744	60
744	153
1135	33
1135	43
1135	67
1135	97
1135	78
2930	33
2930	43
2930	67
2930	97
2930	78
3056	38
3056	40
3056	2
3056	139
3935	26
1603	56
1603	65
504	56
1714	105
1714	64
981	105
981	64
1819	105
1819	64
3482	105
3482	64
1234	33
1234	105
1234	64
3825	105
3825	64
398	105
398	64
1524	105
1524	64
947	105
3063	65
3063	128
3979	65
3671	31
1352	89
2096	40
3680	43
3680	128
3680	96
3680	95
3680	89
2567	43
2567	45
2567	89
3147	125
1640	29
1640	125
1640	143
1640	130
1640	128
1640	58
2694	60
2694	26
2098	43
2098	69
2098	71
2098	60
2098	153
2098	21
2098	26
3934	105
3934	85
143	85
165	33
165	105
1465	105
1465	17
1465	128
1199	120
1199	40
1199	143
1199	58
3674	128
3874	62
3874	97
3874	99
3874	92
3916	144
3916	40
1206	102
1206	27
972	51
972	100
972	58
1255	98
1255	74
233	31
233	51
233	100
233	26
1751	45
1646	45
1985	150
3159	40
3159	122
2118	43
2118	41
2118	26
3103	43
3103	150
3103	130
1795	65
1795	130
1795	139
3768	26
3841	105
3841	52
1479	105
1479	52
2190	33
2190	38
2190	51
1371	43
1371	105
1371	52
2679	105
2679	52
773	105
773	52
561	105
561	52
3387	43
3387	41
3387	105
3387	52
2541	42
2541	105
2541	52
2541	26
641	105
641	52
3776	105
3776	52
3197	105
3197	52
2729	105
2729	52
3814	105
3814	17
3862	128
3862	68
3862	113
3862	94
381	34
381	98
381	74
1894	151
3930	40
3930	105
3930	18
1218	52
1218	48
1154	115
1154	105
1154	65
2985	42
1059	19
1059	52
1059	48
1739	149
2236	105
2236	17
2236	128
2296	43
2296	51
2296	60
2296	26
3359	122
3359	13
223	105
223	18
223	52
2627	105
2627	18
2627	52
1548	105
1548	99
5	105
5	18
3027	149
3800	105
3800	17
3800	128
2045	17
3332	105
3332	52
709	149
2223	43
2223	149
2223	26
1422	105
1422	128
1422	48
1422	85
847	48
1013	115
1013	32
1013	33
1013	43
1013	45
1013	105
1013	64
1013	51
1289	105
1748	122
175	43
175	122
1025	19
1540	43
1540	147
1540	60
1540	26
701	105
701	85
2858	43
2858	147
2858	60
2858	13
2858	26
1169	43
1169	41
1169	147
3804	43
3804	147
3804	60
3804	26
840	43
840	147
840	60
840	26
2956	43
2956	52
2956	26
982	105
982	65
2626	65
752	115
752	31
752	43
752	105
752	65
752	26
1743	115
1743	105
1743	65
1743	52
2032	33
2032	31
2032	45
2032	65
1551	17
1551	149
3600	105
3600	65
3600	52
1398	65
776	65
737	65
524	65
465	105
465	18
465	17
241	52
3616	65
3616	149
1962	149
809	65
809	52
809	48
182	17
3300	38
3300	39
3300	40
3300	51
970	43
970	149
970	26
2824	43
2824	130
2824	128
2824	139
2824	98
2824	116
2578	149
1601	32
1601	33
1601	31
1601	29
1601	53
1601	45
1601	40
1653	152
1292	105
1292	65
1292	52
1292	48
1292	85
3436	40
3436	105
3436	18
3436	52
3639	115
3639	43
3639	105
2289	115
2289	105
3491	115
3491	105
3807	115
3807	31
3807	105
881	115
881	105
1858	115
1858	105
1223	115
1223	105
1293	115
1293	105
3805	115
2019	31
2019	105
2019	100
3067	115
3067	105
3697	38
3697	39
3697	51
1837	38
1837	51
2094	38
2094	39
2094	51
3475	38
3475	39
3475	51
3427	38
3427	39
3427	51
499	38
499	39
499	51
2686	38
2686	39
2686	51
1177	38
1177	39
1177	51
4021	39
4021	40
4021	51
3096	38
3096	39
3096	51
3799	38
3799	39
3799	51
1606	144
385	38
385	39
385	51
2201	11
1288	38
1288	39
1288	40
1288	51
2476	38
2476	51
3497	40
3497	51
110	40
110	51
1992	38
1992	51
1808	38
1808	51
324	38
431	17
2125	43
2125	65
531	65
531	52
46	105
3041	31
3041	40
3041	48
1172	65
1172	128
1172	48
1725	31
1725	40
1725	48
1725	101
3301	31
3301	40
3301	48
3193	31
3193	40
3193	48
1820	48
3756	32
3756	29
3756	43
3756	41
3756	40
3756	128
1361	85
3722	29
3722	40
876	29
876	40
99	29
99	43
99	58
550	43
550	40
550	51
200	29
200	58
1402	29
3896	29
3896	43
3896	40
2082	29
2082	43
2082	40
109	29
109	38
109	40
1737	29
1737	43
1737	40
1737	58
3925	40
300	40
3587	40
3967	141
3967	144
3967	40
3967	153
3967	26
1027	40
304	40
1260	40
3078	144
3078	40
3078	153
3078	26
3246	40
3246	64
3246	65
3246	52
2726	38
2726	39
2726	40
3406	38
3406	39
3406	40
2123	144
2123	38
2123	39
2123	40
2336	65
2336	52
2861	65
2861	52
1754	65
1754	52
2449	65
2449	52
2609	65
2609	52
1959	65
1959	52
3903	65
3903	52
929	31
929	40
3898	17
2306	17
2804	17
3028	52
2310	43
2310	13
2046	29
2046	43
2046	58
2046	26
1009	43
1607	105
1607	52
3548	9
3548	130
977	9
977	130
436	9
436	130
666	43
666	9
666	130
1890	64
1890	9
1890	130
1969	130
2321	130
1189	130
3876	130
485	130
1663	31
1663	43
1663	9
1663	130
1663	128
3404	9
3404	130
3404	128
987	9
987	130
987	128
3661	43
3661	9
3661	130
3661	128
1907	125
1907	130
1727	130
2315	147
2789	149
2295	43
2295	149
3062	149
3062	1
4061	40
4061	105
4061	149
4061	52
202	149
360	17
360	149
360	128
360	113
3654	149
2699	149
1793	149
238	149
2855	43
2855	42
2855	46
2855	40
2855	122
2855	139
2855	98
2855	72
2855	71
2855	15
2855	99
2855	58
2855	26
2745	139
2745	85
1123	139
1123	85
1822	17
1822	152
2081	65
221	65
221	52
1266	65
1266	52
1108	40
1108	65
1108	52
249	65
249	52
453	40
453	65
453	52
1910	40
1910	105
1910	147
1910	135
1910	1
1910	60
534	104
3008	104
861	104
1269	69
877	43
877	41
877	9
877	130
877	26
1362	9
1362	130
1362	26
1923	9
1923	130
2574	9
2574	130
2574	26
2716	9
2716	130
754	9
754	130
3391	9
3391	130
2059	9
2059	130
2945	9
2945	130
562	9
562	130
1984	41
1984	9
1984	130
1984	26
2918	9
2918	130
567	98
567	74
1285	104
2611	65
828	17
2460	143
2718	141
2718	115
2718	144
2718	43
2718	40
170	115
170	144
170	40
170	26
1372	115
1372	43
1372	40
1372	153
1372	26
2030	105
598	89
598	26
1133	65
1133	52
1133	48
579	48
579	85
2048	115
2048	128
1435	139
1435	48
1435	85
1435	59
3594	98
3594	74
1953	40
1953	89
422	102
422	118
422	19
3268	102
3268	118
3268	43
3268	19
3658	105
3658	64
3658	19
1861	105
1861	69
2554	38
2554	40
2529	105
2529	64
2529	52
1409	39
1409	64
1409	52
2313	139
988	139
821	115
3384	115
3384	43
3384	151
3184	151
1064	19
1677	19
3082	19
1462	105
1918	102
1918	36
1184	105
3407	152
3250	126
3250	65
2869	35
2869	85
2869	59
3457	95
2892	1
3568	104
1236	104
2070	120
2070	79
3644	105
3644	64
3644	1
3644	48
3644	85
3401	150
3401	130
3401	1
3881	65
3881	150
3881	130
3881	1
2288	43
2288	125
2288	130
2288	128
630	43
630	125
630	130
630	128
1512	43
1512	125
1512	130
1512	128
2975	43
2975	125
2975	130
2975	128
621	43
621	125
621	130
621	128
8	9
3398	31
3398	86
3398	67
3398	112
3398	74
3398	55
1889	9
1889	98
1889	74
285	74
285	15
3677	74
3677	15
1303	98
1303	74
2793	74
2370	74
2370	15
3870	104
3870	22
3870	126
3870	10
3870	19
3870	132
3092	74
3092	15
295	74
295	15
494	139
494	98
3783	74
3783	15
1175	98
1175	15
1683	98
1683	15
1873	98
1873	15
3368	98
3368	15
1489	24
1489	114
78	72
78	13
78	26
3239	72
3239	13
1533	72
1533	13
1533	26
2183	72
3133	72
3133	13
3371	42
3371	15
3371	13
3371	26
3079	24
3079	144
2690	13
2690	26
2697	43
2697	122
1616	24
1616	114
2440	145
2440	42
2440	72
2440	99
2440	26
800	122
1869	79
1869	37
1869	114
1869	128
1869	132
1136	95
3126	25
3126	153
452	95
3795	119
3795	24
3795	132
539	40
539	100
539	116
125	43
125	45
125	40
125	4
3252	56
1628	31
1628	43
1628	147
1628	60
2827	103
2827	33
1685	103
1685	33
1685	31
2391	140
2758	140
2758	43
510	40
1261	29
1261	40
1261	26
3557	43
3557	153
3557	21
3557	89
3557	26
3093	60
3093	26
3815	43
3815	46
3815	2
3815	3
3815	60
3815	153
3815	21
3815	89
3815	26
3179	98
1129	98
1244	25
210	41
210	98
210	26
587	144
587	98
1093	98
1643	98
3843	98
216	98
3297	98
3443	98
1128	148
197	148
2095	43
2095	51
2095	60
2095	26
3032	24
2050	24
2245	42
2245	98
2245	62
2245	26
3342	144
3342	40
2969	147
3348	43
3348	1
3348	60
3348	13
3348	11
3348	26
948	95
1355	95
3989	26
3363	105
3363	85
2424	15
2424	99
2424	153
2424	13
2424	26
2736	15
2736	99
2736	153
2736	13
2736	26
611	119
611	121
611	6
2916	65
2916	52
386	40
386	65
386	52
386	48
4049	31
4049	41
4049	65
4049	52
1246	40
1246	52
2518	65
2518	52
2518	98
1829	65
3892	149
1550	52
811	105
3690	105
409	19
3086	31
3086	43
3086	40
3086	1
3694	31
3694	43
3694	40
3694	147
2531	29
2531	40
2531	122
2531	89
2531	58
2431	31
2431	40
2646	40
97	40
432	95
2730	33
2730	43
2730	147
2595	95
22	33
22	43
22	41
22	147
22	26
20	43
20	1
1964	43
1964	1
1648	33
1648	43
1648	1
1648	153
1648	26
3131	5
3131	104
956	43
956	42
956	153
956	26
1391	144
1391	43
1391	42
1391	153
1391	89
1391	26
1463	144
1463	43
1463	42
1463	153
1463	89
1463	26
3098	144
3098	43
3098	42
3098	153
3098	89
3098	26
4059	43
4059	42
4059	26
3558	33
3558	31
3558	29
3558	43
3558	100
2894	144
2894	2
2894	3
2894	60
2894	153
2894	21
2894	13
2894	26
3893	105
3893	52
1253	105
1253	52
1740	115
1740	43
1740	40
1740	153
3731	95
788	115
788	40
2883	98
3965	98
672	33
672	43
672	51
1538	120
1538	132
1686	31
1686	29
1686	40
1686	122
1686	153
1686	26
1082	16
1082	29
1082	40
1082	122
1082	153
1082	26
89	32
89	33
89	43
89	128
3782	34
3660	42
3660	46
3660	48
3660	60
3660	99
3660	153
3660	13
3660	26
1433	17
1433	52
3832	130
3832	85
2202	115
2202	105
2202	1
2536	144
2536	40
2536	65
2536	147
2536	1
2593	43
2593	41
2593	130
2593	26
831	43
831	42
831	147
831	13
831	26
3266	43
1760	29
1760	40
1760	51
571	145
571	72
571	71
571	15
571	99
571	153
571	26
1721	144
1721	43
1721	147
1721	13
1721	26
3729	144
3729	43
3729	147
3729	13
3729	26
3533	152
3192	43
3192	42
3192	147
3192	13
3192	26
495	52
495	48
31	29
31	43
31	26
1243	29
1243	43
1243	26
3104	105
3104	17
3104	128
1216	29
1216	40
1216	122
3112	79
2073	65
2073	52
2649	65
2649	128
1131	65
1131	128
1120	26
2036	65
3653	65
633	149
2830	128
2830	96
3162	96
3162	95
1972	32
1972	33
1972	31
1972	29
1972	53
1972	128
2350	98
2350	74
736	52
3050	20
1468	65
2880	40
2880	65
2880	52
1583	40
1583	65
1583	52
1004	128
1004	113
2427	74
2427	15
372	98
372	74
372	15
901	29
901	40
901	128
183	29
183	40
183	128
3396	40
3396	99
1150	130
1150	128
214	43
214	1
3643	86
3643	112
3643	55
770	43
770	1
3968	65
3968	52
2617	40
2617	65
2617	52
236	65
236	52
239	98
2958	95
429	98
2540	98
2702	98
2922	98
1542	98
2766	56
3308	56
3308	67
2049	56
2049	67
2371	56
2371	67
1190	56
1190	67
940	29
940	41
940	40
940	122
1671	144
1671	29
1671	40
1671	153
1359	29
1359	41
1359	122
2727	29
2727	41
2727	40
2727	122
338	115
338	105
338	65
338	48
573	43
573	45
1105	43
1105	45
4054	33
4054	31
2712	33
2712	31
2712	43
2712	51
2712	128
2712	1
1275	33
1275	31
1275	43
1275	51
1275	1
3088	33
3088	31
3088	43
3088	51
3088	1
3774	40
3774	147
2356	40
2356	147
2356	1
187	40
187	147
1930	65
1930	52
3993	65
3993	52
362	65
362	52
2768	65
2768	52
1421	118
1421	43
1421	41
1421	60
1421	62
1421	133
1421	26
3725	87
3725	43
3725	1
3725	153
3506	118
3506	60
3506	26
1235	120
1235	79
3735	128
3735	1
3735	139
3735	101
691	115
691	52
691	1
1281	115
1281	65
1281	52
1103	64
1615	115
3532	33
3532	31
3532	128
2196	33
2196	31
2196	43
2196	147
2196	100
2196	58
2249	32
2249	33
2249	31
2249	43
2249	51
2249	100
2249	153
1342	31
1342	130
3895	43
3895	130
3895	1
1290	33
1290	29
1290	40
1565	33
1565	31
1565	29
3522	120
1705	139
1705	48
1705	85
764	64
764	139
764	48
764	85
3057	29
3057	40
3057	122
3655	29
3655	40
3655	122
3655	26
3505	41
3505	40
3505	4
1076	15
675	115
675	71
675	15
675	153
675	13
675	26
271	40
553	29
553	40
553	122
3693	40
1502	40
1483	105
1483	52
1832	105
1832	52
1545	105
1545	18
1545	52
3565	105
3565	18
3565	52
2331	105
2331	52
2882	105
2882	18
2067	105
2067	52
2430	120
2430	126
2031	105
2031	18
2031	52
164	105
3255	115
3739	130
3739	95
634	105
634	52
1507	29
1507	40
1507	122
1507	58
1370	29
1370	40
1370	122
1370	58
333	34
3439	38
3439	40
332	26
2033	67
3155	98
3025	98
3446	130
3446	98
2994	98
1847	98
354	98
2534	98
3358	33
3358	43
2086	40
2086	97
2086	108
592	65
592	71
592	26
1951	42
1951	98
1951	71
1951	26
4056	42
4056	98
4056	71
4056	26
1417	42
1417	98
1417	71
1417	26
1814	42
1814	98
1814	71
1814	26
1041	42
1041	98
1041	71
1041	26
543	2
543	98
543	74
420	105
420	128
120	65
120	52
3757	17
637	40
2240	31
2240	40
3498	31
3498	40
971	86
971	15
971	55
1198	124
1198	86
1198	15
1198	55
1636	2
1636	98
3538	17
3538	152
260	149
1950	136
3772	149
911	147
2383	65
3583	65
3513	128
3428	95
2905	1
2905	74
2905	71
2970	98
3998	98
3998	74
3998	71
3998	15
2823	74
2823	15
3307	98
3975	43
3975	40
3975	1
3975	98
3512	36
3512	148
356	43
356	130
3014	147
3014	135
3014	1
3014	60
76	144
76	40
2616	29
2616	122
2616	58
2338	29
2338	40
2338	122
1311	29
3253	52
3253	55
2272	29
2272	40
2272	122
1233	29
1233	40
1233	122
256	29
256	40
256	51
2354	145
2354	43
2354	45
2354	46
2354	98
2354	72
3953	120
3953	79
3953	124
1186	40
1186	1
1186	55
3955	26
2636	115
2636	139
2636	85
893	119
1492	36
1492	124
4047	43
4047	147
4047	100
4047	58
3392	98
2566	98
2566	74
2967	148
1217	40
670	79
670	104
367	115
367	65
1329	40
1329	65
1329	52
1329	48
3856	43
3856	40
3856	125
3856	130
3856	128
2478	65
2478	52
3900	31
4015	9
4015	130
4015	128
3341	29
3341	40
3341	122
3341	153
2959	29
2959	40
2959	51
193	139
193	85
1692	40
1692	128
2109	45
566	56
560	2
1207	144
3585	43
3585	45
3585	89
3585	26
1644	149
1068	24
1068	128
486	98
2693	29
2836	29
2836	40
3886	29
3740	24
2007	24
2364	79
2364	140
2364	10
1237	17
2570	45
2570	147
2570	26
2039	128
2039	113
247	86
247	67
247	112
247	74
247	55
3141	105
3141	52
4034	43
4034	147
4034	26
1375	149
2105	17
2105	52
2117	105
2117	97
1348	105
1348	52
1412	31
1412	40
1941	42
1941	15
1941	99
1941	13
1941	26
1331	42
1331	15
1331	153
1331	13
1331	26
2925	13
1458	36
2268	139
2268	48
2268	85
423	36
1675	86
1675	101
1675	54
2854	120
2854	126
1509	140
1286	105
1286	65
3641	105
3641	65
703	115
703	65
703	52
1497	43
1497	65
1107	65
1525	98
1097	24
1097	128
3598	43
3598	2
3231	153
3231	21
3231	89
3231	26
3777	65
3777	52
358	120
358	10
3940	122
1654	119
1654	123
1654	122
1528	119
1528	123
1528	122
2972	105
2972	65
2972	17
2972	128
1486	115
3045	24
3985	24
3418	9
2548	9
2596	43
2596	45
2596	128
2596	58
477	33
477	43
477	40
477	51
2987	33
2987	31
2987	43
2987	41
2987	40
2987	4
2209	43
2209	45
1432	43
1432	45
1432	51
1432	128
3238	43
3238	41
3238	45
3238	128
3238	26
747	43
2234	32
2234	33
2234	128
2242	119
2091	32
2091	33
2091	128
1481	32
1481	33
1481	29
1481	43
1481	128
3974	40
2421	43
2421	40
2166	144
2166	40
2166	153
2166	26
1335	40
2840	40
3139	40
3262	40
2932	40
2053	31
2053	40
2809	139
2809	98
2392	141
2392	144
2392	40
2392	153
2392	26
1909	144
1909	40
3642	144
3642	40
3492	144
3492	41
3492	40
3492	147
3524	29
3524	40
3524	122
3524	4
3524	58
2104	74
267	24
2672	40
814	29
814	43
814	40
814	122
814	58
468	31
468	41
468	51
468	128
762	31
762	41
762	51
762	128
3321	38
3321	39
3321	40
3321	51
2803	17
2803	52
3432	17
112	17
2111	17
2111	149
4006	17
4006	149
2938	17
1750	17
2749	17
2625	17
1030	17
1585	17
1998	17
679	17
2178	17
888	17
1799	17
506	35
506	15
3364	17
1016	56
1016	17
2041	17
3574	17
3562	31
3562	43
3562	41
3562	45
3562	147
148	17
3717	17
1569	31
1569	40
1549	17
1549	152
1596	17
780	17
3666	17
668	17
1833	17
3788	17
2129	17
2384	17
257	17
2598	17
500	17
1328	17
2043	17
2788	105
2788	18
473	56
473	17
415	42
415	26
1618	17
856	17
1996	98
1996	71
305	144
305	29
305	40
305	153
2062	17
4026	56
4026	17
4037	17
3810	17
3687	17
3687	152
3422	17
322	17
1612	17
2728	29
2728	43
2728	40
2728	122
2728	58
806	56
806	17
1925	40
2175	17
2010	17
3480	17
3720	56
3720	17
196	40
196	125
196	130
4043	17
121	31
121	43
121	128
121	100
3926	119
932	31
932	51
932	128
2852	33
2852	31
2852	43
2852	41
2852	147
2852	100
3049	31
3049	51
1753	31
1660	31
1660	43
1660	100
3752	31
3752	100
1957	31
1957	100
1957	153
1957	58
2088	32
2088	33
2088	31
2088	51
2875	32
2875	33
2875	31
2875	51
1608	33
1608	51
3888	32
3888	31
3888	43
3888	41
3888	45
3888	128
3888	58
1523	32
1523	31
1523	53
1523	43
1523	41
1523	100
1523	58
2835	48
2835	85
25	9
25	129
25	74
1028	33
1028	41
1028	26
2021	36
2021	41
2021	71
2021	62
2021	26
1884	145
1884	42
1884	74
1884	72
1884	15
1884	26
1638	42
1638	21
1638	13
1638	26
1325	145
1325	98
1325	74
1325	72
1325	71
1325	15
1325	26
999	145
999	42
999	48
999	72
999	153
999	26
3211	43
3211	45
3211	61
3211	15
3211	153
3211	21
3211	26
3593	68
3593	48
3593	15
3593	153
3593	13
1214	52
1214	48
1214	153
1478	52
1478	48
1478	153
1478	26
153	43
153	42
153	147
153	26
3115	29
3115	40
1587	43
1587	42
1587	147
1587	26
1742	43
2428	128
2630	40
2630	26
1865	19
3621	17
3621	152
2559	29
3265	31
3265	29
3265	40
3265	128
3802	29
3802	58
2203	29
2203	39
2203	40
2203	26
607	9
607	74
607	26
118	41
118	9
118	74
118	26
302	105
302	17
302	128
3274	115
3274	40
1993	35
1993	10
873	39
873	139
873	48
873	85
873	59
2110	17
1008	139
1008	48
1008	85
1008	59
1221	48
1221	85
1221	59
4042	64
4042	139
4042	48
4042	85
4042	59
3099	77
3099	85
2604	33
2604	29
2604	40
2604	128
2604	153
3419	33
3419	29
3419	40
3419	153
2522	33
2522	29
2522	40
2522	153
584	33
584	29
584	40
584	153
513	33
513	29
513	40
513	128
513	153
3005	33
3005	29
3005	40
3005	153
1337	29
681	128
681	108
501	24
3459	25
3459	146
3415	25
3415	146
132	139
132	48
132	85
132	59
132	26
2279	25
2279	146
2867	25
2867	146
3329	43
3849	43
3830	31
3830	65
3434	31
3434	65
2034	98
2064	65
2064	52
3963	38
3963	40
3963	51
3080	27
3026	32
3026	53
3026	128
3947	53
3947	125
3947	9
3947	130
3947	15
3947	153
3947	26
1898	121
1898	5
1898	104
1898	128
721	10
3969	95
2120	153
2120	26
1994	98
1994	74
1994	71
3779	144
3779	9
740	98
740	74
740	71
955	98
955	74
895	128
895	98
895	74
3750	1
3750	86
3750	139
1276	74
1035	24
1035	144
2445	65
2445	128
2445	93
2445	154
3944	43
3944	147
3944	60
3944	62
3944	21
3944	13
3944	26
2539	33
3861	33
3861	31
3861	100
2940	33
2940	41
2415	33
2415	31
2415	100
2538	33
2538	31
2538	43
2074	105
2074	64
71	9
71	130
2584	9
2584	130
854	24
3684	147
2714	147
2714	60
1947	41
1947	128
1947	153
1947	26
1091	130
1091	1
1091	97
3567	33
3567	100
3567	58
237	139
237	48
237	85
237	59
1990	147
2928	65
2928	128
3378	29
3378	40
3378	51
3205	40
3441	17
2743	65
3595	149
1226	45
1226	46
3270	36
3270	16
3270	40
3437	26
3650	43
3650	11
521	60
521	153
521	21
521	13
521	26
1208	43
1208	150
1208	130
1670	40
1670	65
3154	147
3154	1
3154	60
3154	153
1010	31
1010	41
1010	51
1010	128
1010	100
1010	58
1060	147
1060	98
1060	74
2563	121
2563	14
2563	29
924	147
3448	115
3448	40
937	40
937	65
937	52
937	48
3237	144
3237	29
3237	40
3237	153
1022	105
1022	52
845	105
845	128
2752	29
2752	40
2752	51
2435	34
1315	17
1006	105
1006	128
374	105
374	52
746	40
746	105
1498	9
1498	130
1498	129
1498	30
1498	26
1553	86
1553	67
1553	112
1553	74
1553	55
2812	31
2812	43
2812	1
2812	100
1605	31
1605	43
1605	100
3183	98
3183	71
3183	26
604	31
2857	32
2857	31
2857	40
2980	120
2980	31
2980	40
2121	43
2121	1
2121	101
2121	98
2368	31
2368	41
2368	100
2368	153
2368	89
2368	58
342	119
1782	120
1782	79
1782	140
985	115
985	31
2877	148
2349	24
263	148
263	9
994	104
994	128
4050	29
4050	43
4050	40
4050	147
4050	122
1116	36
2365	33
2365	31
2365	43
2365	51
2365	1
4016	43
4016	40
4016	100
3019	1
3019	153
2573	41
2573	40
2573	147
2573	1
2573	26
2666	110
2666	129
2666	74
3863	115
3863	33
3863	51
3863	52
3863	111
1733	40
795	38
795	51
2200	38
2200	39
2200	40
2200	51
766	38
766	39
766	40
766	51
1313	40
1313	51
450	40
450	51
3786	41
2298	31
2298	29
2298	45
2298	40
2204	39
2204	40
2204	51
3817	24
1841	16
1841	40
3379	29
3379	40
3379	122
3379	153
3379	26
502	89
502	26
2008	40
2926	17
1419	104
1419	126
1419	10
1419	19
1419	132
2304	115
2304	105
2180	120
2180	79
2180	104
2180	23
2180	126
3394	130
1875	40
1875	9
1875	130
1875	128
3454	9
3724	31
1901	40
2900	33
2900	43
2900	51
2900	128
2900	1
3489	150
3489	130
3489	153
290	150
290	153
3030	150
4018	150
4018	153
442	150
442	153
1866	115
3287	147
497	46
497	98
497	13
2770	98
2770	13
2669	98
2669	74
3510	43
3510	45
3510	52
3510	48
3510	153
491	144
491	29
491	40
491	139
343	43
343	45
343	11
3254	36
3254	16
3254	40
3254	4
1367	34
3577	87
3577	1
3577	93
3577	154
3820	24
930	139
930	48
930	85
930	59
105	64
105	139
105	48
105	85
105	59
554	139
554	48
554	85
554	59
554	26
631	64
631	139
631	48
631	85
631	59
631	26
880	9
880	98
880	74
3607	9
3607	130
3607	1
3607	98
1443	139
1443	96
3018	146
3356	146
3356	13
3356	26
3537	139
3537	96
2102	139
2102	96
378	139
378	85
447	146
2124	79
2124	132
2135	79
2135	132
2785	52
3984	120
3984	79
3984	104
3984	23
3984	126
3796	29
3796	41
3796	40
3796	122
1192	29
1192	41
1192	122
1130	115
1130	40
1130	153
1130	89
2911	33
2911	31
2911	51
311	40
2302	29
2302	122
158	33
158	31
158	29
158	40
158	122
158	153
3746	29
3746	43
3746	38
3746	52
3958	31
3958	29
3958	40
3958	153
3958	58
1180	43
1180	149
1180	95
3493	95
3853	6
3853	117
3853	144
3853	43
3853	41
3853	2
3853	3
3853	60
3853	55
3853	133
3514	91
3514	74
399	147
1584	15
1584	13
1584	26
1862	99
1862	153
1862	13
961	15
961	62
565	13
565	26
1317	15
1317	13
1317	26
1527	65
3118	65
662	98
824	139
824	98
824	71
824	15
602	98
2834	65
70	40
70	65
467	65
467	52
19	153
3288	65
3288	52
2386	144
2386	147
2386	135
2386	4
2386	60
2386	30
2386	20
2386	26
231	144
231	40
231	147
231	60
231	26
1982	24
1982	33
1982	147
3017	144
3017	147
3017	60
3573	40
3573	147
3573	60
3573	26
481	144
481	40
481	1
1626	144
1626	29
1626	40
1626	153
693	29
693	40
1904	144
1904	29
1904	40
1904	153
3471	29
3471	40
1935	121
1935	10
1935	123
1958	121
1958	10
1958	123
402	86
402	112
402	55
363	41
363	26
3845	41
3845	26
3588	65
1631	40
2208	29
2208	40
2208	122
2208	58
2250	29
2250	40
2250	122
2250	4
2250	58
488	144
488	29
488	40
488	122
488	4
488	58
1496	29
1496	40
1496	122
1496	4
1496	58
3702	29
3702	40
3702	122
3702	4
3702	58
3319	29
3319	43
3319	40
3319	122
3319	58
2227	125
2227	130
1552	122
1552	58
1332	122
1332	58
2226	31
2226	85
2380	144
2380	41
2380	40
2380	1
2695	139
96	139
326	139
927	128
927	85
927	96
927	95
3579	95
3579	133
3579	21
1119	97
1119	78
3541	43
3541	40
3541	1
4002	31
4002	41
4002	51
4004	105
4004	64
4004	128
1451	43
1451	147
1451	153
2221	52
2221	48
2654	40
3313	99
2141	65
2141	52
2141	48
1555	139
1555	98
1704	13
1704	11
1704	26
1474	64
1650	146
2897	40
459	43
459	40
3470	43
3470	40
1200	29
1200	43
1200	40
1200	122
1200	58
119	29
119	40
119	51
3679	43
3679	40
1775	29
1775	43
1775	40
1775	122
1775	58
1065	43
1065	40
3618	144
3618	64
3618	147
3618	99
3618	153
3618	26
2555	10
2555	124
3124	43
1664	95
113	91
113	15
2678	152
2330	152
1500	152
3696	29
3696	40
3696	90
3696	154
3631	128
3755	40
2162	38
2162	39
2162	40
3763	38
3763	39
3763	40
884	38
884	39
884	40
2575	10
2575	14
2575	40
2751	69
2275	9
2275	74
2971	146
41	24
3137	24
3713	40
2433	40
2294	146
2294	95
3203	46
3203	1
3203	99
1046	128
1046	49
1046	112
1046	113
1046	108
974	40
974	147
974	66
974	60
974	62
974	133
974	26
656	144
656	40
656	66
656	1
656	93
656	154
656	26
3771	40
3771	147
3771	66
3771	62
3771	26
1280	24
1280	144
3706	86
3706	15
3706	55
4046	5
4046	104
3954	119
3954	25
2986	6
2986	117
2986	144
2986	40
2839	24
3355	24
3355	1
1446	79
767	79
917	24
917	25
3065	43
3065	40
759	40
2591	43
2591	46
2591	11
2682	43
2682	11
957	43
957	46
957	11
2278	150
2278	1
2052	150
2052	1
3074	110
3074	125
3074	130
2404	125
2404	130
706	144
706	43
706	42
706	40
1277	43
1277	147
1277	60
1277	133
1277	21
1277	26
2151	130
576	40
1394	23
1505	86
1505	67
1505	112
1505	74
1505	55
2915	55
3377	86
3377	67
3377	112
3377	74
3377	55
3202	86
3202	67
3202	112
3202	74
3202	55
74	86
74	67
74	112
74	74
74	55
94	86
94	67
94	112
94	74
94	55
1078	86
1078	67
1078	112
1078	74
1078	55
3340	86
3340	67
3340	112
3340	74
3340	55
388	139
388	98
388	74
3351	74
2472	98
2472	74
359	98
359	74
1126	128
1126	98
1126	74
1104	130
1104	74
1104	133
2868	144
2868	74
2868	26
1295	129
1295	1
3481	98
3481	74
3481	95
3481	153
3481	21
3481	26
647	98
647	74
647	15
1872	98
1872	74
1872	15
2543	98
663	15
663	99
663	13
663	26
2488	98
2488	74
2488	15
858	25
858	146
2951	58
1785	31
1785	100
3781	31
3781	100
67	105
67	128
67	86
67	139
67	68
67	112
67	98
1710	128
1710	86
1710	68
1710	49
1710	112
1710	113
1710	108
1710	55
3315	29
3315	40
3315	143
3315	58
1301	29
1301	40
1301	143
1301	58
2792	29
2792	43
2792	143
2792	58
2792	26
596	29
596	143
596	58
279	29
279	143
279	58
3855	29
3855	40
3855	143
3855	58
3891	33
3891	52
3891	48
3891	100
3891	58
3951	144
3951	51
3951	100
3951	116
3951	58
1045	43
1045	100
2309	97
2309	78
1517	128
1517	1
3535	97
3346	29
3346	43
268	60
268	26
181	105
181	18
2195	105
2195	147
2195	85
3083	105
3083	95
4029	29
4029	40
4029	21
4029	26
3438	141
3438	6
3438	16
3438	43
3438	41
3438	40
3438	51
1431	128
1431	93
1431	153
1431	154
3793	19
87	10
720	9
918	52
829	52
3871	53
1787	79
1787	10
3244	56
3244	26
658	144
658	110
658	40
1437	33
1437	31
1437	29
1437	43
1437	52
1437	100
1437	58
810	31
810	29
810	43
810	52
810	100
810	58
3327	115
3327	52
1092	36
2895	104
2895	115
2553	9
1182	43
1182	153
3362	43
3362	153
2442	32
2442	31
2442	41
1706	24
841	1
841	60
841	153
841	13
841	26
3838	63
3838	86
3838	67
3838	112
3838	101
3838	55
3906	19
3649	120
3649	132
812	19
3336	19
3336	52
2692	107
1491	43
1491	41
1491	40
1491	51
1491	100
1491	58
3646	115
3646	149
1366	98
1143	25
2185	139
2185	101
2185	95
2434	24
2027	63
2027	86
2027	67
2027	112
2027	101
2027	55
2452	128
547	144
547	40
547	151
547	95
3682	13
3682	26
2774	2
2774	98
2774	71
1924	29
1924	40
1924	105
1924	52
1688	87
1688	1
1688	93
1688	154
1784	40
1784	62
1784	55
2256	119
2256	121
4014	127
4014	67
2026	88
2026	15
1589	25
1915	119
1915	24
1336	31
1336	51
1336	127
1336	100
1336	108
469	13
1504	25
1504	144
492	144
492	60
492	21
492	13
492	11
492	26
3414	147
3414	15
3414	13
1470	43
1470	74
1470	153
3462	43
3462	153
1619	86
1619	15
1619	55
2964	86
2964	88
2964	15
2964	55
2964	54
3860	43
3860	153
3698	139
3698	85
3698	108
1212	144
1212	40
3962	32
3962	33
3962	43
3962	128
1526	98
1526	74
1526	71
2790	74
2790	15
526	42
526	98
526	71
526	60
526	26
1825	98
471	63
471	86
471	67
471	112
471	101
471	55
966	25
3210	25
3210	144
3210	1
748	43
1792	105
1792	65
2577	132
2329	7
2329	97
2329	78
439	22
439	136
2058	86
2058	55
133	120
714	16
714	26
2457	15
2457	99
2457	26
741	40
3719	31
3719	125
3719	130
655	118
655	117
655	1
655	60
3534	31
3534	125
3534	130
1291	29
1291	125
1291	130
1291	128
1291	26
2734	1
2734	15
2734	21
2734	13
2623	40
3715	43
3715	147
3715	55
1752	87
1752	144
1752	43
1752	40
1752	147
1759	33
1759	43
1759	147
334	43
334	45
334	11
2687	52
2283	71
3242	104
1756	147
1756	60
2337	40
2337	147
2337	66
2337	60
2337	62
2337	26
1536	41
1536	147
1831	95
778	120
778	126
778	10
1015	147
1015	1
1015	60
1015	153
1015	13
2215	43
2347	23
180	43
180	1
2910	9
2910	1
2910	26
1624	57
1624	131
1624	76
1624	101
2274	10
1639	99
1773	43
1773	11
3111	40
3111	147
3111	61
3111	135
3111	1
3111	60
3111	153
2919	145
2919	72
2919	71
2919	15
2919	99
2919	26
2742	65
2742	125
2742	130
2742	128
2914	43
2914	147
2648	115
3405	13
3405	26
414	15
414	13
414	26
3939	24
3939	27
807	98
794	98
1304	41
1304	147
1304	26
3801	119
3801	24
3801	132
293	56
293	41
389	40
389	95
2269	130
2269	129
2269	30
2269	26
3927	24
3927	56
3927	106
3927	67
2335	74
980	125
980	130
980	128
980	1
102	79
102	104
102	10
1988	1
1988	95
950	43
950	42
950	46
953	36
490	147
2597	43
2597	1
2597	26
2796	32
2796	31
2796	29
2796	41
2796	51
2796	100
2796	153
2796	89
2796	58
1185	71
1185	15
1185	99
1185	13
1185	26
2572	103
2572	132
2572	97
2572	78
3734	29
3734	40
3734	51
3309	97
3309	78
3309	55
3309	153
29	40
29	147
29	61
29	135
29	1
29	60
29	55
29	153
867	40
867	147
867	61
867	135
867	1
867	60
867	55
867	153
3463	24
3463	25
2155	48
2155	85
2320	105
2320	48
2320	85
3823	43
3823	130
3823	48
3823	85
3263	144
3263	43
3263	125
3263	130
3263	128
3263	15
3263	26
2308	141
2308	144
2308	43
2308	125
2308	130
2308	128
3284	141
3284	144
3284	43
3284	45
3284	125
3284	130
3284	128
2881	144
2881	147
2881	1
2881	60
2881	153
2881	13
2802	144
2802	40
2303	144
2303	71
1859	124
1859	86
1859	15
1859	108
1859	55
522	64
522	52
522	48
1387	119
1387	132
243	16
243	148
243	68
3403	129
3403	74
3151	24
3151	25
3151	89
2560	60
2937	40
1961	42
1961	147
1961	98
1961	15
1961	133
1961	26
4060	41
4060	26
1649	97
294	56
294	86
294	77
294	101
3022	97
3022	78
3022	55
116	140
4031	127
4031	67
3929	15
3929	99
3929	153
3929	26
108	110
1475	110
1471	110
1905	110
2133	6
2133	110
2133	129
1324	110
1749	29
1749	43
1749	40
1749	26
3602	125
3602	130
2764	6
2764	40
2764	4
2764	153
1152	86
1152	67
1152	112
1152	55
2381	88
2381	15
2473	147
2473	60
2473	55
2127	86
2127	67
2127	112
2127	55
3408	153
3408	26
731	147
731	60
731	153
731	26
2754	26
944	43
944	45
944	46
944	72
944	11
3844	125
3844	130
3844	128
3667	125
3667	130
3667	26
3668	120
3668	10
3668	15
674	120
674	79
2305	119
2305	120
3271	32
3271	31
1788	31
1788	43
1788	147
1788	100
38	24
38	139
3919	147
1674	105
1674	52
3688	103
769	130
2065	85
2145	43
2145	147
2145	100
2285	86
2285	15
2285	55
3066	33
3946	67
3946	97
1843	67
1843	97
2322	43
2322	1
2322	89
2680	9
2680	153
3918	9
3918	130
3918	153
2898	139
2898	98
3866	43
3866	2
3866	139
1160	40
1259	119
735	147
735	62
2590	55
3507	42
3507	147
3507	15
3507	133
3507	26
826	105
826	52
667	115
667	31
667	38
667	105
2260	1
2260	139
2260	71
1659	144
1659	40
1659	151
1659	95
1519	33
1519	31
523	33
523	31
523	1
750	101
4039	68
1043	147
2148	125
2148	130
3089	144
3089	1
3089	75
3089	99
3089	78
3089	153
599	79
599	140
205	104
205	42
2651	144
2651	1
2613	74
2369	10
122	25
122	153
122	26
3566	105
410	91
2461	125
2461	150
2461	130
3882	41
3882	40
3882	4
797	41
797	40
797	4
1576	147
1576	60
3047	134
3047	139
3047	101
1883	147
1883	153
1883	26
3907	132
1948	132
1948	99
1948	153
3540	43
3540	1
3540	153
3540	26
3813	22
3813	136
2889	17
421	79
421	104
421	102
421	20
2629	130
2629	128
514	9
514	129
514	74
1197	56
1197	131
1197	76
1197	101
2794	79
3257	147
2765	128
2765	98
2765	71
2765	15
760	104
760	118
149	115
149	105
817	74
4033	31
4033	41
4033	153
2762	140
2762	83
2936	43
2936	147
2936	153
2936	21
2936	26
1323	43
1323	42
1323	147
1323	15
1323	13
1323	26
235	43
235	147
1770	56
3157	120
3157	79
466	117
466	144
466	43
466	60
466	62
466	133
466	26
1445	117
1445	144
1445	42
1445	60
1445	62
1445	133
3521	130
1427	40
1427	4
3766	4
3766	153
3766	133
24	60
24	13
24	26
1530	31
1530	43
1530	41
535	115
535	31
535	29
535	43
535	51
535	100
3222	115
3222	105
3222	65
3222	128
3477	43
3477	147
2831	9
2831	130
2831	89
2831	26
643	43
643	40
643	147
643	1
933	152
933	128
3317	57
3317	56
3317	131
3317	76
3317	101
2066	34
1278	119
1278	121
1278	120
875	134
61	140
42	36
42	26
837	36
1669	147
593	43
593	147
593	153
593	89
593	26
796	24
2405	125
2405	130
2405	128
1049	43
1049	72
1049	11
1049	26
1147	46
1147	72
1147	13
1147	11
1086	31
1086	43
1086	41
1086	51
425	97
425	78
1211	115
1211	65
712	79
3460	104
4009	86
4009	71
4009	54
2890	31
2890	97
2890	99
2890	93
2890	153
2890	154
203	144
203	69
203	60
203	21
203	13
203	26
1722	137
3173	22
3173	10
1429	140
3487	34
3117	24
3511	141
3511	43
3511	40
3511	125
3511	130
1645	40
2810	139
2810	60
2810	26
3536	31
3709	43
3709	130
3709	1
2874	43
288	95
2953	43
2953	147
2953	60
2953	21
2953	26
318	125
318	130
318	128
318	153
3692	10
3692	124
3692	55
1263	120
1263	81
1263	132
2776	79
2776	83
3604	136
2600	87
2600	144
2600	147
2600	1
508	25
1453	144
1453	43
1453	41
1453	40
1453	147
1453	1
1453	93
1453	154
250	147
250	60
3000	99
3000	13
3000	26
2483	147
2483	60
1400	43
1400	85
135	134
2799	102
2799	67
1501	85
1634	43
1634	42
1634	46
2976	34
2976	127
45	43
45	42
45	147
45	99
45	26
3038	33
3038	31
3038	29
3038	45
3038	134
3038	1
3038	3
3038	60
3038	133
3038	58
209	125
209	130
209	128
1604	60
1604	153
1604	133
1604	26
1460	103
1460	33
1460	31
1460	1
1460	100
2856	99
700	136
541	9
2029	144
2029	14
3306	41
3306	40
3306	26
405	13
2580	105
2580	17
1906	147
3399	43
3399	40
3399	20
1274	26
337	34
337	26
3812	130
3812	26
1110	39
1110	40
1110	105
1944	153
570	9
570	130
570	129
998	74
2866	43
2866	46
2866	11
600	31
600	29
600	153
600	89
1738	150
1738	9
1738	130
1738	74
1738	26
879	147
879	26
188	48
188	85
2870	86
2870	76
2870	55
2677	43
2677	153
2963	43
2963	41
2963	26
3502	29
3502	43
3502	40
3153	125
3153	130
3578	43
3578	143
3578	26
2656	136
2656	109
2063	132
2068	34
1188	43
1188	1
1188	26
2713	130
16	120
16	79
16	141
16	6
16	40
16	4
3794	120
3794	79
3794	141
3794	6
3794	40
3794	51
1098	79
1098	83
3857	79
3857	37
3857	114
1613	43
1613	147
1613	135
1613	1
1613	60
1613	153
1658	11
3007	147
3007	135
3007	1
3007	60
3007	97
2348	147
2348	135
2348	1
2348	15
2348	60
2348	13
962	52
962	48
48	43
48	46
48	95
48	11
2723	51
2723	52
2723	48
2723	100
2723	58
1144	147
1144	135
1144	1
1144	60
21	33
21	51
21	52
21	100
21	58
3938	65
2075	125
2075	130
3995	1
3995	74
609	120
609	79
3350	33
3350	31
3350	125
3350	130
3350	26
3678	31
3678	125
3678	130
3678	51
357	31
480	109
480	2
480	98
480	71
1201	33
1201	43
1201	125
1201	130
1201	128
1201	26
1051	132
3957	43
3957	147
1457	64
3960	34
1806	89
1203	120
213	85
1716	73
1716	153
1716	26
3858	67
3858	97
3858	80
3858	78
306	56
885	43
885	45
885	51
3478	119
3478	132
2398	43
2398	41
2398	45
1472	115
1472	33
1472	51
1472	52
1472	111
433	147
433	1
3966	104
1349	65
525	128
2078	33
2078	31
2078	41
2078	26
299	33
299	31
299	100
648	40
648	153
648	133
648	89
648	26
1755	1
1755	3
1755	60
1755	153
1755	21
1755	26
72	45
72	40
72	4
2614	43
2614	46
2614	72
1521	125
1521	130
1521	74
1521	15
1521	26
1632	36
1632	98
1632	71
1632	62
2057	33
2744	64
2744	65
2744	128
2744	95
349	24
2248	42
2248	40
2248	21
2248	26
1609	43
2099	31
2099	51
2099	100
2252	43
1563	128
1563	95
2784	98
82	43
82	42
82	147
3084	43
3084	147
3084	1
3084	26
1974	40
1974	51
680	139
680	98
3393	31
3393	43
3393	51
3393	1
3393	100
1493	17
4044	31
4044	51
4044	100
4044	108
1357	34
1357	26
44	31
1425	43
1425	26
698	144
698	40
698	147
698	60
698	99
698	153
4038	147
1096	153
1096	89
1096	26
2808	33
2808	31
2808	29
2808	45
1454	33
1454	29
1454	45
1440	31
1440	43
1440	40
1440	100
2929	147
1668	25
1668	42
1668	153
1668	26
1975	40
1975	26
3286	45
3286	40
3286	4
2544	26
2425	36
2425	124
1415	33
1415	88
1415	101
3455	56
3455	136
3455	67
3044	16
3044	148
3044	68
838	86
838	88
838	101
1856	65
1647	60
1647	153
1647	26
3700	104
3700	126
2401	55
3652	120
3652	79
3652	55
3748	144
3748	40
3748	51
2907	86
2907	54
2149	31
2149	51
2149	100
2149	108
2243	31
2243	29
2243	65
2583	29
2583	40
2583	51
3816	31
3816	40
3816	51
1102	64
2491	152
612	130
2904	33
2904	31
2904	43
2904	45
2904	51
174	32
174	33
174	128
2650	17
2650	52
2650	153
2650	89
1191	139
1191	98
1191	74
1610	43
1610	147
1610	60
1610	153
1610	21
1610	26
2211	75
2211	99
2211	153
1300	88
1300	74
3523	1
3523	3
3523	60
3523	133
3523	26
2469	31
2469	41
2469	147
4	114
3818	33
3818	31
3818	43
1210	43
4028	15
4028	13
4028	26
2385	34
785	147
785	60
785	26
3733	26
55	147
55	60
55	99
55	30
55	153
55	26
4053	125
4053	130
4053	128
4053	100
2998	43
2998	45
2998	125
2998	130
2998	62
965	43
965	41
965	147
136	115
136	31
136	29
136	43
136	41
136	100
1730	31
1730	41
1730	51
1730	100
3290	139
3290	95
157	149
623	29
623	125
623	130
623	128
623	153
855	144
855	60
855	153
855	21
855	13
855	26
827	147
827	60
827	153
827	133
827	26
232	43
1050	115
1050	33
1050	51
1050	52
1050	111
1798	43
1798	146
1798	26
341	146
1967	34
3615	31
3615	100
3615	58
2886	24
2886	27
2410	31
789	140
366	153
366	89
1559	31
2991	103
2991	33
2991	31
2771	139
2771	48
2771	85
2771	59
3937	31
3937	43
3937	100
2471	147
1881	24
1881	128
3727	10
1142	10
2128	147
2128	55
1812	88
1812	68
1812	15
1989	147
1473	9
1473	74
1562	9
1562	129
1562	74
1562	72
790	147
790	153
3550	147
3550	153
2939	147
2939	135
2939	60
1896	26
1840	41
1840	125
1840	143
1840	20
1840	58
1599	43
1599	41
1599	46
1599	72
1424	43
1424	40
1424	153
3227	40
3227	51
2848	16
2848	148
2848	68
2848	94
2983	34
638	144
638	40
638	147
638	88
364	144
364	147
364	75
364	78
364	153
4007	23
4007	78
2263	43
2263	147
2263	135
2263	1
2263	60
1085	26
1273	144
1273	40
3385	41
3385	26
281	133
2264	31
2286	31
2286	41
2286	65
1622	144
1622	1
251	41
251	147
251	135
251	1
251	60
251	153
251	133
251	26
3278	40
3278	52
3278	20
230	43
2325	9
2325	130
1765	115
1765	31
1765	41
1614	43
1614	41
1614	147
1614	1
1614	26
2131	29
2131	122
3503	105
3490	48
3490	26
3256	31
1245	139
1245	48
1245	85
1245	59
2132	139
2132	48
2132	85
2132	59
3166	21
259	94
594	125
594	130
594	128
390	31
390	128
3426	88
3426	15
597	41
597	40
597	26
3360	33
3360	31
3360	100
3360	58
1586	43
1586	147
1586	21
1319	34
1319	132
2359	120
2359	132
1418	43
1418	40
1418	26
147	74
147	15
548	10
4051	147
3619	43
3619	147
2254	31
2254	43
2254	41
2254	147
2254	1
2254	60
2254	153
2254	26
331	13
289	130
904	143
2417	105
2417	65
2819	118
1772	128
328	43
328	147
328	1
328	60
328	95
328	100
328	153
401	43
401	40
2647	147
2647	1
2647	60
2647	153
2643	31
2643	41
2643	26
1279	139
1279	55
544	129
544	55
1921	10
2173	102
2016	139
2016	85
2016	153
580	125
580	130
580	153
3326	119
438	36
438	40
438	62
2706	40
2706	62
1575	15
1575	26
323	42
2396	99
2396	13
2396	26
2501	144
2501	40
3279	32
3279	31
3279	40
1735	130
1735	100
2961	43
2961	46
2961	153
3280	43
3280	45
3280	40
3280	147
2610	31
2610	43
2610	125
2610	130
2610	128
1393	147
1393	60
1393	55
671	43
1817	1
2496	31
2496	29
3003	38
3003	39
3003	40
3003	51
1724	31
1724	29
1724	40
1724	4
1038	32
1038	31
1038	100
1038	58
2163	65
4048	43
4048	147
1711	40
1711	26
783	25
783	144
783	42
783	1
783	99
783	26
2582	43
2582	147
2582	60
2582	153
1902	43
1902	147
1902	3
1902	60
1902	153
2407	103
2407	33
869	139
869	48
869	85
869	59
3081	40
3081	75
2241	86
2241	55
1339	65
734	69
734	60
734	153
1113	86
1113	112
1113	74
1113	55
3206	35
2341	95
2838	6
2838	91
2838	70
3331	22
552	31
77	119
77	121
77	120
3161	24
3161	146
657	115
657	31
657	43
657	41
657	100
3839	56
3839	17
457	19
2171	64
1299	79
1299	104
1299	102
240	144
240	110
240	40
1396	36
1389	26
3474	79
3474	104
3474	102
3186	29
3186	41
3186	45
2982	105
2982	64
2982	65
2982	48
2982	85
2982	153
2222	33
2222	31
2589	24
2589	132
1707	104
1467	130
2213	35
1141	99
1141	153
1488	9
1488	129
1488	74
2576	40
2576	49
2576	28
1764	9
1764	129
313	43
313	130
313	1
313	20
142	25
142	36
142	148
142	146
3495	105
3495	128
3875	120
3875	81
1877	128
1877	88
1877	68
1877	113
3051	33
3051	31
3285	32
2186	42
2186	98
2186	71
2186	26
1272	43
1272	40
1272	99
1272	108
1272	153
1701	17
2818	88
2818	71
2818	15
474	31
474	41
1543	94
144	108
851	31
851	100
851	108
3884	56
2198	125
2198	130
2198	74
2198	153
2198	26
3613	56
784	15
784	62
2237	139
2237	71
2237	15
2237	13
1665	33
1665	31
1074	31
3479	36
3479	148
1140	130
3778	125
3778	130
1397	33
1397	53
1397	43
1397	41
1397	147
952	45
952	116
605	79
605	10
2724	15
191	147
191	62
1986	139
1986	48
1986	85
1986	59
1986	26
3707	147
3707	15
3707	60
2688	31
2688	41
2688	58
3199	86
1995	31
1995	43
1995	100
2871	65
2871	48
2871	85
1594	79
1594	141
1594	123
733	31
2400	31
2400	40
371	119
2558	65
2495	91
2495	76
2495	101
2769	17
2292	128
2292	139
2292	101
1220	17
1220	52
3389	33
3389	43
3389	41
3389	1
1579	31
1579	29
1579	40
1579	153
1579	58
1778	87
1778	40
1778	65
2891	43
2891	45
2891	125
2891	130
2891	128
2891	85
2130	125
2130	130
2130	128
382	36
382	62
382	26
3569	29
3569	40
3569	51
3569	153
379	95
379	55
2002	60
2002	13
2002	26
2720	102
3547	40
3547	26
1165	34
1165	127
1165	67
1165	97
3901	63
3901	86
3901	67
3901	112
3901	101
3901	55
610	63
610	86
610	67
610	112
610	101
610	55
2633	136
2126	40
3597	43
3597	45
3597	11
3732	43
3732	45
3732	11
2454	43
2454	41
2454	147
2454	26
3077	125
3077	130
3077	128
690	33
690	95
690	55
2710	26
1297	102
3879	56
3879	106
3879	67
3216	9
3216	129
3216	74
3216	72
487	62
487	133
79	45
79	46
986	45
986	46
1099	45
1099	46
1099	11
2207	45
2207	46
2207	26
321	10
2517	10
892	10
2588	45
2588	46
2588	11
2291	6
2291	40
2291	86
941	41
941	45
2060	17
1581	102
1581	36
3723	9
3723	129
2459	1
2459	74
2112	40
3543	79
3543	104
3543	102
3543	26
1089	42
1089	26
404	125
404	130
3530	26
397	98
1593	98
3347	1
3347	74
2251	10
2479	139
2479	48
2479	85
2479	59
503	150
503	1
2903	43
2903	72
3042	43
3042	72
3042	26
3518	25
1247	144
1247	40
1247	74
1309	144
1309	40
1309	74
936	36
1048	36
2409	104
774	98
2233	104
2233	126
1942	31
1942	40
2622	43
2622	125
2622	130
2622	128
2447	86
2447	15
2447	55
3294	26
723	9
723	130
723	74
538	147
538	9
538	129
538	74
538	60
538	30
538	26
2485	98
1179	10
1179	67
1179	55
1205	43
1452	63
1452	67
3134	108
1922	130
1922	74
2327	60
2327	153
2327	21
2327	26
275	43
275	58
771	43
1369	1
1369	3
1369	60
1369	21
1369	13
1369	26
699	43
699	148
699	60
699	55
699	26
3178	150
3178	1
3496	31
3496	41
1224	119
1224	121
1224	123
711	51
711	100
711	58
1320	40
1320	68
3847	102
2528	48
2528	85
2360	43
2360	69
2360	11
1334	1
1334	98
1334	74
1037	119
1823	43
1823	46
1823	1
920	17
3570	33
3570	43
3570	1
3570	26
1691	13
1485	40
1485	64
2562	97
2562	78
990	77
520	52
520	74
3589	115
3589	43
3589	52
2506	33
2506	43
2506	41
2506	45
2506	26
3956	5
3956	117
3956	40
335	33
335	43
2492	43
2492	45
2492	11
3797	33
3797	100
3797	58
1506	144
1506	40
1506	1
1506	99
1506	153
834	35
4030	35
368	10
2103	29
2103	40
2103	90
2103	154
3198	43
3198	45
3198	46
3198	89
3198	11
781	88
781	131
1657	10
3468	64
145	102
145	131
3760	40
1885	119
1885	132
2946	40
2946	108
2946	55
2077	42
2077	26
1781	41
1781	40
1781	26
677	42
677	15
677	13
677	26
3551	40
3551	26
3127	88
3127	15
3452	119
3452	141
3452	6
3452	40
3452	4
3452	71
1072	153
1072	89
2683	102
2683	27
2683	43
85	40
85	86
85	55
2988	67
2988	97
2988	99
3626	87
3626	86
3048	6
3048	40
2533	31
2533	51
3576	56
2585	26
2602	29
2602	40
2602	51
383	32
383	33
383	43
383	41
717	36
717	16
717	40
375	36
375	62
3440	17
696	9
696	130
696	153
1963	16
1963	65
1963	147
1963	95
2022	17
1040	17
3421	41
3421	26
3705	43
3705	41
3705	45
3705	40
3705	153
3705	89
12	40
380	140
3072	16
763	29
763	45
763	40
3298	139
3298	98
3298	74
949	119
949	141
949	40
758	45
2119	17
2977	25
2977	146
1973	141
1973	40
1973	51
1032	56
1084	99
1084	153
1084	26
1156	45
1156	11
574	31
574	41
3878	26
1055	98
1055	71
1055	26
651	40
416	64
416	139
416	48
416	85
416	59
2259	43
2259	46
2259	48
2259	85
2259	11
793	31
793	139
793	48
793	85
793	59
2704	40
3125	13
3125	26
3150	43
3150	72
3150	26
3564	45
3564	11
2020	139
2020	48
2020	85
2020	59
1251	95
3176	144
3176	1
2829	43
2829	1
162	128
162	68
162	49
162	113
2411	94
870	1
870	94
30	43
30	1
3116	144
3116	1
3322	24
660	40
660	153
713	32
713	31
713	100
713	58
1672	139
1672	48
1672	85
1672	59
542	147
3584	65
3584	128
3132	144
3132	29
3132	40
3132	153
3123	40
1112	31
1112	43
2056	33
2056	43
2056	41
2056	45
3599	91
3599	15
3110	31
3110	40
3110	4
2317	17
2317	130
2607	1
2607	60
2607	153
2607	13
2607	26
2474	41
2474	40
2474	92
2474	153
2474	26
3798	40
3798	51
3798	55
350	41
350	40
350	26
4027	40
4027	51
2187	104
2187	102
3172	41
3172	26
2358	17
2358	152
3372	17
1629	38
1629	40
1629	52
3168	38
3168	40
3828	38
3828	40
2318	38
2318	40
2318	52
2767	91
1250	150
3101	31
3101	41
922	43
922	147
922	60
591	1
591	98
591	74
591	60
219	68
219	98
219	26
2779	41
3456	91
3456	98
3456	95
1535	91
3249	141
3249	144
3249	33
3249	43
3249	125
3249	130
3249	128
910	56
1518	25
1518	144
3354	79
3354	141
3354	104
3354	40
3354	51
3354	60
2324	43
2324	41
2324	147
3656	10
3656	114
3656	56
9	147
9	60
9	75
2177	13
2177	26
2314	10
3164	10
545	36
545	43
545	41
545	40
545	26
1137	115
1137	31
1137	41
3996	41
3996	26
2219	33
2219	31
2219	29
2219	52
2746	69
2746	139
2923	41
2923	26
98	1
98	60
98	99
98	30
98	153
98	26
3516	60
3516	153
1461	65
960	89
1932	40
60	10
60	31
2228	10
2490	70
2490	49
2884	139
2884	96
3435	98
3435	74
1215	98
1215	74
3352	98
483	74
3630	26
1249	98
2040	144
2040	40
2040	3
2040	98
2040	74
2387	60
2387	75
2387	93
2387	154
2387	13
3052	94
2628	40
1219	98
2842	119
2842	79
2842	97
1970	49
2675	74
3628	33
3628	31
979	97
979	78
1744	128
1744	113
2795	65
805	67
3312	91
3312	15
103	10
173	49
3194	24
3194	25
2659	33
2659	29
1717	141
1717	40
211	9
3609	43
3609	42
3609	40
2265	26
3811	41
3811	26
3105	40
3021	104
3021	102
803	141
3122	42
280	98
1802	98
3207	40
3207	55
3009	19
1410	98
3872	43
2144	31
2587	139
2587	101
3827	15
1981	10
3282	98
3282	74
1094	147
1094	60
1094	75
1023	40
1023	97
62	45
62	46
2526	128
2526	113
3580	10
1651	36
186	82
3113	120
3113	79
2755	103
2755	132
2755	97
868	20
1416	74
3410	35
2136	40
225	120
225	81
3675	125
3675	134
3675	1
3730	13
3730	26
708	99
708	153
1513	43
3070	74
3283	98
3283	74
606	98
2323	79
3299	98
1623	86
1623	15
1623	55
1979	43
1979	46
1979	11
1455	141
1455	43
1455	45
1455	46
1455	40
1455	139
1455	48
1455	85
1455	13
2451	29
2451	40
2451	122
2451	4
2451	153
2451	89
2451	58
2451	26
18	29
18	40
18	48
18	85
1318	31
1318	40
1318	48
1318	26
2763	29
2763	43
2763	125
2763	130
2763	128
2990	17
2637	17
3949	17
823	43
823	125
823	130
823	128
1871	43
1871	125
1871	130
1871	128
1853	43
1853	125
1853	130
1853	128
2920	65
226	43
226	45
226	51
2388	65
2388	149
255	24
255	146
1882	128
1882	101
1882	98
3897	128
3897	95
900	152
2239	40
2239	125
2239	130
3544	128
3544	95
2311	65
3605	43
3605	45
166	43
166	45
878	98
3261	98
1728	98
3220	98
649	45
1842	11
558	43
558	105
558	147
104	40
104	1
546	17
2775	17
3152	17
3333	17
3333	52
1673	17
849	17
384	17
3917	17
3200	17
1968	17
1766	17
1766	100
3267	105
3267	17
2455	17
3525	17
2085	17
2085	52
3647	17
3647	52
1411	17
2748	17
3978	17
3339	17
768	17
768	153
1642	17
3645	40
3645	143
3645	58
264	102
1083	43
1083	45
1083	147
1159	43
1159	45
1159	147
1159	1
549	17
3909	17
1807	41
1807	147
1807	135
1807	1
1807	60
1807	133
1807	26
2212	17
1797	17
3240	56
3240	17
3429	17
370	17
347	17
1876	17
2003	17
2176	17
3499	33
3499	43
3499	45
407	17
2700	17
2700	139
2700	85
2569	17
2363	94
3397	94
792	94
1395	94
683	94
551	32
551	43
551	45
3311	17
1117	17
228	105
2527	17
1997	17
2197	17
2197	52
3029	17
3029	52
2160	17
1302	17
127	17
172	17
172	52
3964	17
3964	52
3291	17
3291	52
3923	17
2179	17
2051	43
2051	74
3013	43
3013	146
3013	88
1426	40
1426	51
50	43
50	42
50	45
50	150
50	26
1955	102
1955	103
1955	126
1955	33
2514	38
2514	39
2514	40
2164	115
2164	33
2164	40
2952	17
530	29
2966	144
2966	40
2966	4
2635	43
2635	41
2635	45
2635	89
3269	52
3269	20
3269	26
1145	104
3877	125
3223	51
3223	60
3223	153
3085	29
3085	39
3085	40
3085	26
751	43
751	45
751	51
751	128
2502	40
2502	4
798	149
1857	29
1857	74
1826	29
3738	29
2968	144
2968	110
2968	40
2968	51
1541	140
1541	141
1541	40
710	40
710	51
1151	40
3423	141
3423	6
3423	117
3423	40
850	74
1708	29
1708	58
1449	29
1449	40
1449	122
1449	153
2676	29
2676	122
635	43
635	40
2780	40
2780	51
2780	62
1125	141
1125	6
1125	144
1125	16
1125	33
1125	43
1125	40
1125	51
1125	153
1125	26
3831	38
3831	39
3831	40
582	120
582	141
582	6
582	33
582	45
582	40
582	51
4001	31
4001	65
4001	52
3444	144
3444	40
3444	51
3444	4
3444	88
2426	87
2426	40
2426	51
2426	30
872	144
872	40
804	29
804	74
2220	17
1264	45
1264	46
1264	51
2955	43
2955	45
2955	51
2333	2
2333	60
2333	26
2661	29
2661	40
2661	100
2661	58
3834	36
3834	13
3420	60
3420	153
2586	139
2586	101
3701	31
3883	139
2342	98
2342	74
2342	71
1388	43
1388	45
1388	62
1388	26
3349	109
3349	86
3349	55
3224	56
3224	67
3973	40
3973	4
3473	43
3473	40
3759	9
3759	98
2516	42
2516	99
2516	13
2516	26
3143	43
3143	45
3143	89
2912	41
2912	26
4058	29
4058	43
4058	40
4058	122
4058	153
2480	29
2480	122
1314	29
1314	43
1314	40
1314	122
292	9
292	74
101	98
3130	98
1081	43
1081	46
1081	60
1081	62
2015	79
2015	104
2015	117
2015	87
2015	40
2015	60
2015	30
1312	43
1312	41
1312	42
1312	46
1312	52
1312	26
1029	43
1029	42
1029	45
2885	43
2885	45
1919	43
1919	147
685	43
685	85
3824	69
3824	26
3187	105
3187	18
3187	52
925	150
925	130
2448	42
2448	147
2448	60
2448	26
505	115
505	43
505	52
505	139
505	153
3114	32
3114	31
3114	43
2225	32
2225	33
3526	33
2017	145
2017	43
2017	41
2017	45
2017	72
2017	153
2017	89
825	65
825	139
825	101
2853	86
2853	55
2143	43
2143	45
1122	33
1122	53
1122	43
1122	147
1283	48
2468	31
2468	40
2705	102
852	33
852	31
3040	115
3040	65
3040	52
753	74
753	153
753	26
2673	35
2673	98
2673	26
126	115
126	33
126	31
719	35
719	16
719	68
376	61
376	1
2921	144
2921	40
2921	4
2674	64
2674	19
2674	149
2107	19
2519	42
7	33
7	31
7	43
7	45
3170	95
786	30
1380	144
1380	40
1380	147
3711	2
3711	98
3369	60
3369	73
3369	133
3369	26
697	40
697	51
2707	31
2707	41
2707	51
2707	58
3325	41
865	31
1377	29
1377	40
1377	122
1166	26
2993	144
2993	110
787	29
2497	29
3011	72
3011	11
1715	46
1715	11
1777	43
1777	41
1777	62
1983	1
1001	52
1001	48
1001	77
2783	146
3712	43
3712	41
3712	46
3712	147
3712	60
3712	11
1529	43
1529	46
1529	11
2668	40
2668	26
4011	144
4011	88
2944	48
2944	85
2484	46
2484	11
2244	122
2362	40
2362	51
2362	108
3932	43
3932	41
3932	45
3932	46
2139	105
2139	17
1414	6
1414	147
1414	60
1611	144
1611	40
1611	51
1611	92
1611	153
1611	26
1073	110
1073	40
1073	134
1073	26
1809	43
1809	45
1809	51
3762	25
3762	146
846	25
846	146
1946	25
1946	146
1476	25
1476	146
2638	15
2638	26
1771	43
1771	41
1771	45
3091	60
3091	153
3091	13
3091	26
66	94
2464	35
150	87
150	40
150	1
4000	33
4000	31
262	33
262	31
2481	17
2481	52
2167	31
2167	128
2013	130
3990	6
3990	144
3990	29
3990	43
3990	38
3990	39
3990	40
3990	51
3990	100
3990	58
883	55
3273	31
3273	41
1567	31
1567	41
765	29
765	95
4012	38
4012	51
529	1
14	139
14	96
3218	42
3218	98
3218	71
3218	26
2206	98
2206	71
2206	26
963	98
963	15
1718	98
1718	26
2	98
931	139
931	98
665	98
665	26
1978	98
2511	98
1566	139
1566	96
702	98
702	15
996	110
996	40
1256	31
1256	46
1256	1
1256	99
2747	43
2747	40
2747	97
2747	99
15	15
15	26
1801	43
1801	46
1801	11
2246	139
2246	101
2080	139
2080	101
1392	139
1392	96
3767	134
3767	73
3767	153
3767	21
3868	128
3868	84
3868	113
3868	71
3868	153
3023	33
3023	58
2634	139
2634	74
130	139
130	101
130	95
3400	139
3400	101
1018	139
1018	101
1018	95
2817	139
2817	101
1306	1
1306	139
1306	101
1306	95
2044	139
2044	101
314	139
314	101
2901	139
2901	101
2470	139
2470	101
1017	139
1017	101
1308	139
1308	101
482	33
482	43
482	51
2735	101
2372	48
2372	85
2084	115
456	115
3109	71
3109	153
3109	89
2300	134
476	86
476	67
476	112
476	74
476	55
715	86
715	67
715	112
715	74
715	15
715	55
3670	21
1174	74
3608	129
3608	74
312	74
3718	48
3718	85
3718	74
1109	98
1014	45
73	45
3163	98
3163	74
3163	26
639	45
639	130
639	48
639	85
650	29
650	122
650	58
2153	43
2153	42
2153	11
2153	26
206	84
206	139
206	98
833	9
3320	134
3320	60
3320	26
1265	9
1265	2
1265	74
3691	128
3691	139
3691	101
3556	33
3556	31
3556	41
3556	45
3556	51
199	31
199	41
199	100
199	153
199	58
336	43
336	41
2406	43
2406	41
2406	42
2406	46
2406	11
2406	26
730	65
730	128
2862	9
2862	74
559	43
559	46
559	11
1564	33
1564	100
1564	58
2114	139
2114	48
2114	85
2114	59
777	8
777	43
777	143
387	8
387	143
1917	17
909	8
909	143
886	65
2821	56
2821	67
2841	77
2841	85
2841	59
2450	139
2450	48
2450	85
2450	59
2159	43
2159	45
2159	147
3908	98
1358	98
3911	84
3911	139
3024	46
3024	11
2641	74
588	98
3714	17
921	56
921	40
160	144
160	40
673	43
673	40
673	93
673	154
3806	101
3016	139
3016	101
3869	139
3869	101
69	139
69	101
1444	42
1444	147
1444	15
1444	13
1444	26
2849	26
2887	60
2887	153
2887	21
2887	26
489	40
489	55
3158	98
3685	98
392	153
4032	98
1124	6
1124	40
1844	60
10	60
1682	144
1682	40
1956	40
1956	4
3430	42
3430	45
3430	139
3430	48
3430	85
3430	59
3924	43
3924	1
1439	98
1439	26
1341	89
1892	1
1892	60
2813	46
2813	1
2813	60
227	38
227	40
2811	24
308	91
308	15
779	86
779	91
779	71
779	15
779	55
4036	98
4017	98
1965	153
1965	26
2791	96
1937	15
1937	62
1769	98
629	125
629	84
629	139
3708	104
3708	102
3708	146
653	74
2420	36
2420	26
1268	1
1268	55
377	36
377	26
2671	86
2671	98
2671	74
2671	55
1878	36
1878	68
1878	108
1539	59
1848	125
1848	130
3852	9
3852	139
3852	101
556	67
556	97
556	78
2340	1
2340	60
2340	26
2079	43
2079	46
2079	1
2079	98
2079	71
2079	15
287	130
287	2
287	98
287	15
427	2
427	98
427	71
1061	102
1061	117
1061	40
3745	141
3745	6
3745	33
3745	29
3745	41
3745	40
3745	51
1450	31
2379	86
2379	55
1227	42
1227	60
1227	99
1227	13
1227	26
907	145
907	72
907	71
907	26
33	65
33	52
914	43
914	46
914	153
914	89
914	11
1241	139
1241	48
1241	85
1241	59
3850	1
3850	3
3850	60
3850	62
946	16
946	40
946	95
2453	143
2453	48
1240	71
1240	26
1173	31
3575	1
2515	40
2515	147
2281	71
2281	60
2281	13
2281	26
2344	24
969	41
234	98
234	71
234	26
1511	29
1511	40
1511	122
842	40
1477	98
1477	15
1477	13
1477	26
2996	16
2996	40
2996	68
3165	119
3165	141
3165	36
3165	40
3165	62
3165	26
2741	119
2741	141
2741	6
2741	40
2741	51
2973	43
2973	147
2973	60
2973	21
2973	26
2603	87
2603	40
2603	1
2603	93
2603	154
1077	1
1077	71
1077	13
1077	26
2592	17
2592	26
2978	141
2978	6
2978	40
2978	51
2664	40
2664	128
1656	144
1656	40
2689	1
2689	60
2689	73
2689	26
3673	1
3673	3
3673	60
3673	21
1863	65
1863	52
2408	25
2408	42
2408	99
2408	153
2408	26
2579	108
2579	55
2551	97
2551	80
2551	78
3031	86
3031	55
3031	54
3431	6
3431	40
3374	32
3374	31
3374	41
3374	51
3374	100
3374	153
3374	89
1846	17
1846	130
622	17
622	130
1344	34
1310	29
52	29
52	40
836	24
836	40
1679	40
1679	108
2418	87
2418	144
2418	1
1257	87
1257	1
1695	43
1695	40
1695	49
1695	26
3854	78
3233	148
3233	15
3233	153
2893	95
2893	89
3235	31
325	13
1870	15
1870	13
661	86
661	139
661	68
661	49
661	112
2691	146
2878	115
2878	41
2878	15
3361	40
3361	51
3361	100
2432	119
2432	97
3637	152
346	27
346	146
1786	29
1786	43
1786	41
1786	143
1786	58
458	35
458	16
1413	9
1413	130
2781	56
1354	17
3981	24
3981	144
3981	110
3624	9
3624	153
138	29
138	74
1635	26
2366	146
461	79
3260	119
3260	123
978	55
978	26
1469	36
1469	10
1469	114
3519	98
3314	50
3314	113
3314	74
3314	153
738	105
738	17
2667	86
2667	50
2667	113
330	24
111	128
111	84
111	112
111	113
1480	31
1480	41
276	31
276	41
276	26
889	120
889	79
889	141
889	6
889	40
889	51
3899	43
3899	75
3899	73
3899	153
3899	89
3036	60
470	144
470	138
470	88
470	15
470	133
352	58
155	65
218	15
1021	40
1021	51
1021	108
1867	25
1867	144
1867	26
265	153
261	40
261	125
261	130
1908	40
1484	91
1484	131
1484	47
139	65
139	52
2466	65
2466	52
1813	99
1813	13
1813	26
2261	9
2261	130
2261	26
2989	130
2989	1
2989	95
391	43
391	40
391	130
391	26
1933	65
1933	52
171	6
27	139
27	94
3169	40
3910	10
3910	97
3910	99
3910	92
3910	93
3910	80
1158	125
1158	130
2042	40
224	115
224	52
224	139
882	31
882	41
874	65
1248	40
1248	51
1248	21
75	45
2837	38
2837	105
3792	147
2181	33
2181	40
2181	51
742	65
742	147
742	85
742	108
3867	32
3867	31
3867	128
3328	98
3328	13
2786	52
2786	55
3747	32
3747	31
3747	100
3747	58
353	96
344	64
315	40
315	153
3504	40
676	144
676	40
676	4
56	120
56	24
1888	153
1127	40
1127	26
3002	40
3002	51
2087	60
2087	75
2087	73
2087	99
2087	93
2087	154
2087	13
2087	26
1067	40
1067	51
1067	133
3601	26
3303	151
3596	12
3596	26
871	64
1305	17
2106	17
572	40
572	4
572	153
572	89
1928	65
2280	63
2280	86
2280	67
2280	112
2280	101
2280	55
3204	63
3204	86
3204	67
3204	112
3204	101
3204	55
3095	63
3095	86
3095	67
3095	112
3095	101
3095	55
2545	63
2545	86
2545	67
2545	112
2545	101
2545	55
3201	26
3913	9
3913	26
1330	26
3970	26
194	26
437	34
437	134
437	1
437	26
1242	1
1242	13
1242	26
1960	153
1960	89
1960	26
3859	25
3859	1
3859	26
1373	13
1373	26
460	116
460	26
3208	19
3208	26
3226	153
3226	89
426	25
426	144
426	98
426	153
426	89
426	26
3780	34
3780	67
1720	97
1720	80
1720	78
479	153
1868	17
896	17
3469	17
3469	52
1830	17
3744	17
2949	16
2949	40
2949	51
1558	16
1558	40
1558	51
283	33
283	31
3485	33
3485	31
585	43
585	1
585	133
3353	43
3353	40
3353	51
1694	41
1694	40
583	38
583	40
583	52
3064	40
3064	95
1779	108
3611	40
3611	4
3611	153
3611	89
417	40
417	4
417	153
417	89
297	31
297	40
297	4
297	153
297	89
296	86
296	77
296	55
296	153
3053	86
3053	77
3053	55
3053	153
2621	149
1232	43
1232	45
1232	150
1232	130
1667	32
1803	40
1803	1
1803	153
2822	31
2822	29
2822	153
2822	89
2061	43
2061	41
2061	45
2061	26
603	41
603	45
53	6
53	40
2122	29
2122	40
2122	51
739	31
3501	40
3501	153
3501	21
3501	89
3501	26
3413	86
3413	55
2134	17
919	17
1267	29
2193	29
2193	122
2193	58
3545	12
3545	30
983	15
983	13
983	26
2782	125
2782	130
2782	128
1927	98
258	86
258	74
258	55
2992	98
3411	25
3411	146
123	153
496	17
496	52
1195	139
1195	101
222	137
2284	146
2284	26
2446	1
934	56
934	128
934	112
3531	74
2941	147
2941	74
2941	15
2941	62
1689	56
39	56
39	67
3171	1
3171	97
3171	55
310	130
310	134
310	1
351	143
351	58
2210	43
2210	130
2210	71
2210	26
1976	26
2393	40
2393	4
2393	153
2393	133
3445	10
4055	65
4055	52
1780	146
34	146
448	146
3775	146
3034	13
3034	26
3657	36
2100	128
2100	68
2100	113
2100	94
2698	34
2273	129
1284	74
2608	120
2608	79
2500	40
2158	146
2658	98
3251	77
3251	85
2814	86
2814	67
2814	112
2814	74
2814	55
1138	150
1138	9
1138	130
1138	74
1854	33
1854	43
1363	26
1047	120
115	17
1712	43
1712	11
664	24
968	98
3229	86
3229	15
3229	55
4019	34
1003	56
1003	63
1003	67
2005	17
2917	79
2917	104
2917	102
3058	9
4052	9
2619	38
2619	40
2619	52
1879	1
1879	74
1879	60
3508	43
3508	41
3912	86
3912	67
3912	112
3912	55
3486	148
1899	117
1899	144
1899	148
1899	60
1899	133
80	153
80	89
687	153
687	89
472	40
472	153
2960	105
2960	17
2960	128
2772	8
1684	69
1684	139
2378	56
2378	9
2378	95
3983	98
3983	26
3323	146
2487	55
1054	56
3591	86
3591	77
3591	71
3591	55
2194	130
2194	139
2194	71
2367	137
2165	40
902	43
902	45
902	72
902	11
3552	26
3665	43
3665	40
3665	20
1005	128
1005	113
1005	101
1005	55
3988	146
1202	130
1895	62
1895	97
1895	99
1895	92
2657	101
2014	139
2014	101
430	105
3232	115
3232	56
3232	65
3232	52
684	36
684	15
684	62
3145	29
3145	38
3145	134
3145	1
3851	134
3851	1
1687	79
1687	67
1343	104
1464	34
3305	140
2266	98
3075	17
3453	40
3453	49
1171	134
1171	73
1171	153
2645	128
2645	88
2645	49
2645	112
2645	113
1758	88
1758	49
813	40
813	44
813	26
1804	86
989	33
2954	40
2954	122
2954	58
3648	17
1115	152
2773	26
3559	31
3559	40
3461	17
2684	17
195	36
1031	144
1031	2
1031	3
1031	60
1031	21
1031	13
1031	26
4010	1
3382	120
3382	81
3382	10
3382	124
1734	40
91	40
91	130
91	108
3737	10
4023	12
4023	143
1736	119
284	29
284	105
1132	40
2001	17
2844	17
28	17
28	52
3100	98
141	43
568	35
2660	148
2188	86
2188	49
2188	15
2188	55
2361	31
2361	40
2361	51
1053	17
1327	17
1763	17
1731	87
1731	86
1834	120
154	86
154	101
154	55
26	24
26	25
26	26
2805	120
1385	95
3773	43
3606	5
3606	80
1991	65
1991	52
3972	140
3972	1
201	119
201	104
2935	26
47	120
198	43
198	72
198	11
3188	33
3188	31
3188	51
3999	153
3999	89
3212	72
129	49
1282	79
1282	141
1282	123
2301	71
2556	104
2556	126
2556	132
2390	119
2390	120
2390	79
2390	128
2390	91
2390	76
2390	74
2927	55
3416	41
3416	26
1364	125
1364	130
449	43
449	45
167	79
167	40
3442	71
3	128
3	68
3	113
2287	63
2287	1
2287	67
3472	98
254	48
254	74
254	71
254	153
254	13
254	26
3277	48
3277	74
3277	71
3277	13
3277	26
2343	63
2343	67
2343	101
954	63
954	86
954	67
340	41
340	9
340	26
3765	40
3765	55
2255	9
1447	43
1447	11
1168	24
1168	56
1168	106
1168	67
3743	24
3743	56
3743	106
3743	67
2214	125
2214	130
2214	128
274	24
274	146
1230	97
2552	43
2552	40
3488	31
3488	43
3488	41
3214	130
3214	129
689	81
689	6
689	124
689	132
2709	24
1149	141
1149	6
1149	91
2477	102
2477	118
2477	19
2708	17
2708	52
1582	9
1582	129
540	36
839	86
839	74
839	55
1880	86
1880	55
2072	43
1531	24
1531	25
1383	26
1079	125
1079	130
1079	128
1298	34
1298	132
3749	17
3749	52
3943	1
3943	86
3943	112
3943	55
1121	31
1121	40
1121	4
1121	153
1121	89
3039	40
3039	1
3039	3
3039	153
2271	63
2271	86
2271	67
2038	95
2377	119
2377	24
2352	62
2352	13
3001	86
3001	97
3001	55
3380	86
3380	112
3380	55
2012	43
2012	1
3942	123
3942	88
3942	94
3942	101
1617	85
757	104
1350	41
1350	26
518	46
518	40
732	29
732	40
3381	153
3381	26
743	95
1510	127
2025	146
2025	98
3376	98
644	114
644	56
3156	131
3156	47
938	34
3293	147
2463	86
3417	146
272	88
272	15
3561	91
3561	70
3561	15
1187	86
1187	77
1187	15
1187	55
1187	54
1940	34
316	152
1597	26
1824	40
1824	51
2950	49
3921	43
3921	45
3921	46
3921	134
3921	11
92	148
92	9
832	25
832	146
2157	36
2157	146
1024	146
694	10
694	114
1903	10
1776	17
2662	153
2662	89
3388	43
3388	41
1340	10
791	19
725	25
725	43
725	42
3061	10
3061	124
1700	146
2140	31
2140	41
2733	41
2733	51
1063	67
1063	55
3221	86
1577	125
1577	130
493	36
3664	25
692	40
1774	40
1404	102
1404	70
1404	131
1404	15
3174	91
3174	15
3689	26
58	43
58	1
1681	67
4024	86
4024	76
4024	55
140	34
140	82
2670	34
923	34
1860	17
3465	17
1356	17
1356	52
1390	17
1390	52
997	17
2731	43
3808	144
3808	40
57	65
57	125
57	130
57	128
208	40
43	74
958	91
958	50
958	99
2833	88
2833	76
2191	91
2191	74
3108	91
3108	15
339	47
339	15
1757	88
2018	131
1353	88
1353	15
2467	88
2467	15
3809	91
3809	15
2353	88
3840	91
3840	15
65	91
65	15
1213	49
1213	28
617	70
617	98
898	14
898	128
178	36
1052	102
1052	146
1999	31
2441	71
2441	62
976	146
1434	35
1042	119
995	24
984	102
984	10
2820	26
563	34
563	146
2864	24
2864	142
2864	132
1101	35
1101	131
1101	94
808	40
808	153
2568	29
2568	40
2412	10
2412	40
2542	31
1148	17
3914	17
3914	152
3742	17
1602	119
1602	132
277	119
277	35
564	139
564	101
1621	97
1621	78
317	153
4040	19
1534	19
2069	36
2069	148
2906	36
2906	148
2504	1
2504	60
128	25
128	40
128	26
1796	147
1796	135
1796	1
1796	60
3316	41
3316	40
3228	147
3228	15
1111	29
1111	40
1111	122
13	31
13	29
13	65
1913	43
1913	147
1913	97
1913	133
1913	20
890	125
890	130
890	74
890	15
890	95
890	153
890	26
1836	32
1836	31
1836	100
1836	58
1428	25
1428	42
1428	99
1428	26
1835	40
1835	26
2493	40
159	43
159	46
2561	139
2561	101
1368	45
2486	120
2486	126
2486	19
2486	149
412	139
3758	84
3758	139
3758	68
3758	112
4025	43
4025	147
4025	70
4025	133
1490	40
3770	139
3770	98
1600	128
3741	36
1747	25
1900	98
908	26
63	65
1222	24
440	17
645	63
645	86
645	67
645	112
645	101
645	55
1591	63
1591	86
1591	67
1591	112
1591	101
1591	55
451	63
451	86
451	67
451	112
451	101
451	55
646	19
1810	19
3726	130
3425	139
1036	146
1036	88
1036	131
1036	98
2879	17
3213	9
32	86
32	88
32	101
3622	146
2395	57
2395	56
2395	67
3318	56
3318	67
169	56
169	67
557	40
557	151
557	95
3902	128
3902	86
3902	68
3902	49
3902	112
3902	113
3902	97
3902	108
3902	55
3135	84
303	139
303	71
2465	41
2465	26
1406	10
3012	33
3012	31
3012	41
3012	52
3012	26
100	9
100	130
4005	120
2865	17
2865	152
1170	26
815	147
2798	17
2357	146
185	51
185	52
185	21
1262	17
1430	17
291	108
291	80
1002	110
424	120
424	126
424	10
424	132
301	147
301	60
2564	55
726	56
511	26
3699	64
515	40
3330	86
3330	55
1087	19
2512	56
3961	88
445	139
445	96
916	10
2402	32
1709	71
1709	92
1709	153
3959	63
3959	67
2297	17
35	24
35	42
3395	35
3395	56
369	86
1365	91
1365	74
2756	98
1768	36
3610	19
3683	36
3683	62
3683	13
3683	26
519	125
519	130
1231	120
1886	26
3209	86
3209	54
2307	26
4013	56
4013	40
1106	79
3632	40
3632	4
1874	85
1874	95
912	24
49	95
3617	110
3617	125
3617	130
2557	54
3517	10
3517	136
3517	40
2513	115
2513	65
2513	52
3500	35
3500	68
2510	17
2510	149
3880	17
1360	119
1360	123
2530	104
2530	126
2530	56
2530	26
1316	139
1316	48
1316	85
1316	59
1456	31
1456	128
106	131
1723	25
3494	79
3069	25
3069	26
3464	6
3634	10
2701	41
2701	9
2701	26
2719	79
189	86
189	76
189	55
189	54
3669	40
3669	153
2523	120
2523	126
2523	10
2523	17
2523	132
2346	36
2346	62
2346	93
2346	154
1633	86
1633	112
1633	98
1633	71
1633	55
3787	9
3787	130
1914	68
3217	115
3217	31
3217	65
2997	86
2997	55
4045	153
4045	89
1070	98
555	65
555	69
628	68
3785	32
1346	120
1346	79
844	64
2550	105
212	10
3451	65
3451	86
3451	101
2494	10
3982	120
3982	141
3982	40
848	24
848	93
1254	43
1254	41
1864	130
1864	134
1864	1
3241	130
3241	129
3338	56
3338	136
3338	67
749	130
749	153
1897	79
3554	43
2738	127
2738	67
3264	25
3264	26
2419	140
3219	43
2456	128
2456	49
2456	113
3160	22
1020	43
2644	67
3033	24
2913	152
3977	49
3977	113
3977	71
3977	28
3412	40
3412	55
1741	86
1741	88
1741	101
176	86
176	55
3107	9
2896	17
3185	149
1855	40
2168	116
2116	56
2116	40
37	55
899	70
899	49
899	26
3791	91
887	40
887	1
887	60
887	62
887	55
2270	97
1161	19
394	120
394	79
394	140
3563	125
3563	130
532	31
959	55
816	132
3629	105
2525	128
2525	113
2850	121
2850	123
51	115
51	33
51	51
51	52
51	111
688	79
688	23
1827	141
1827	107
1827	43
1827	143
3553	17
507	24
926	43
2339	129
3633	64
3633	91
36	65
36	52
365	79
365	104
443	128
951	121
951	10
245	67
1574	49
3931	121
3931	123
3102	64
3102	91
1066	38
1066	39
1066	40
1436	68
1436	112
2414	44
2414	26
3986	115
3986	31
2416	140
2147	17
939	86
1570	19
1570	52
93	40
455	10
455	21
2757	128
2757	113
3120	26
3167	130
2801	79
2797	25
2797	146
1816	64
1239	17
1546	40
1943	36
1943	43
2620	121
2620	10
2620	123
2620	26
2232	120
2232	81
2232	99
3842	84
3842	139
3842	68
3842	112
2737	24
2737	128
242	10
478	102
478	10
478	107
478	29
802	26
2231	65
2231	86
2231	101
1641	22
1641	136
537	153
537	89
1845	67
1338	128
1338	49
1338	112
1338	108
3375	86
3375	55
3928	102
3390	102
1783	86
1783	47
3119	14
3119	40
3119	51
1487	144
1487	31
1487	40
1487	4
3345	105
1438	17
2571	24
2571	144
2571	110
782	41
782	26
2947	1
2947	74
3509	37
3509	147
134	104
1790	35
1790	132
307	10
307	124
3343	74
860	17
3373	151
2872	25
1732	10
1732	12
1347	40
1347	92
745	86
745	26
1482	102
1482	10
1139	31
3560	65
3560	48
3560	85
1952	102
3175	10
59	9
59	55
1516	102
1516	128
1746	67
1916	104
1916	10
818	36
2436	118
2436	62
1459	26
3181	65
1794	36
801	79
801	37
801	114
1403	15
1384	17
3275	17
1929	71
718	71
1270	146
3620	17
1839	74
1839	71
1522	10
1522	7
1522	108
3146	25
3146	98
3865	8
3865	143
2876	19
1680	147
935	56
2909	36
2152	129
2152	134
2152	86
2334	116
1153	36
1153	130
1153	98
3466	43
3466	153
1095	17
3073	102
3073	29
3873	17
2499	104
575	10
1069	49
11	17
11	52
2535	17
2933	17
1666	17
613	17
1580	31
2761	13
512	97
512	99
512	92
512	93
1146	120
1146	79
2319	10
2606	49
2606	108
1071	139
1071	101
3196	91
3196	74
2355	35
151	32
151	31
3037	36
1572	60
1572	153
1420	118
1420	117
1420	62
3433	102
3433	118
3433	19
2138	88
2138	68
2138	71
2138	15
2138	89
616	52
616	15
114	128
114	101
3272	26
1729	86
1729	15
1729	55
2974	95
3980	35
1033	147
1376	101
1791	19
578	115
578	33
3189	79
2965	79
1382	126
2984	40
2984	97
2984	78
1852	120
1075	91
1075	76
1075	74
484	25
484	26
2184	79
2184	23
3234	86
3234	55
3636	56
137	89
864	115
864	65
864	26
1405	10
3835	89
161	10
3177	104
3549	74
3010	149
3010	52
2389	68
2509	79
1557	86
1557	15
1557	55
2154	86
2154	15
2962	148
1178	91
1178	70
1178	76
1178	15
2235	108
3789	70
3789	49
863	95
2146	86
2146	49
2146	55
1351	40
3467	1
3467	98
3920	86
3920	54
2192	88
615	12
615	124
1326	98
1326	71
632	36
632	148
95	40
3728	105
3728	18
1034	11
2011	129
866	86
866	76
866	74
866	55
244	124
244	86
244	131
244	101
244	55
1228	131
1228	50
3140	55
1508	55
3571	22
1627	26
509	63
509	67
1912	31
1912	29
3334	15
3334	13
3334	26
1556	95
2267	115
2267	56
1767	121
1767	10
1767	123
2739	41
2739	26
3015	36
705	144
705	88
705	76
705	101
1573	79
1573	83
3529	88
3529	68
1936	25
3128	29
1322	29
1322	40
1322	51
1322	153
3542	130
3950	114
2458	146
3971	115
3971	52
1196	123
1196	88
1196	68
1196	101
215	34
215	82
2665	79
2665	10
1987	40
498	32
498	31
498	100
498	58
3142	1
3142	98
355	25
355	98
204	128
3663	43
3663	42
3527	34
3889	115
3889	65
286	115
3821	40
3129	62
2462	34
2462	132
107	146
2908	10
2899	79
396	56
3476	67
2277	17
2549	147
1114	68
819	86
819	101
2520	10
3586	24
3586	56
3586	106
3586	67
319	148
516	36
3094	55
2612	65
2612	101
3344	130
1386	25
1386	146
23	146
2093	146
3997	146
3180	146
3243	139
3243	71
3833	49
3833	113
3833	71
3106	41
3106	40
3106	26
2262	43
2262	40
2262	26
3761	43
595	31
595	40
3060	147
1851	127
1851	97
2229	43
2229	55
2931	65
2931	125
2931	130
2931	128
3324	153
640	36
640	62
3071	105
1934	125
1934	130
1934	128
3922	128
3922	86
3922	112
3922	55
992	10
992	56
992	109
2696	148
2547	26
1699	26
252	17
2601	130
727	17
897	55
2505	31
3837	71
2845	128
2934	36
1693	97
1693	78
1762	120
3952	29
3952	122
3952	58
2640	52
2640	20
2826	109
2826	132
2189	10
2189	124
2859	104
2859	115
2859	33
2859	41
2859	65
3976	9
2981	102
2981	128
3751	120
3751	81
3751	118
2299	24
2299	142
2299	132
601	17
3681	102
3409	34
3409	10
2632	130
3672	22
3672	10
722	10
722	56
3230	104
620	79
408	40
408	51
2873	10
190	31
190	40
2443	29
2443	143
2230	17
1423	56
1423	95
1011	88
1011	15
3676	88
3676	15
857	86
857	15
857	55
2205	88
2205	15
1399	86
1399	112
1399	55
3059	86
3059	112
3059	55
2846	86
2846	112
2846	55
2999	125
2999	130
3753	71
1926	26
2565	34
1661	141
1661	40
1661	153
1661	133
1595	60
1595	75
1595	93
1595	154
1595	13
894	26
624	153
2373	125
2373	130
2218	91
906	26
6	88
6	68
6	15
462	123
462	88
462	68
462	101
1238	36
2482	98
1678	34
1678	146
1252	153
569	55
179	118
179	10
2399	25
2399	153
2399	26
973	146
682	86
682	50
1503	70
1503	49
967	91
967	15
3310	146
2035	117
2035	131
2035	15
2948	10
2722	86
2722	101
2722	55
2825	74
695	16
695	42
586	86
586	15
586	55
2639	25
2639	43
2639	146
3281	10
536	16
3662	86
3662	88
3662	70
3662	55
3662	54
3555	70
3555	49
1134	24
2508	31
2508	43
2508	100
309	93
309	154
2618	144
2618	40
1652	101
853	50
915	34
3627	35
1568	41
3829	104
3829	102
131	79
131	140
131	136
3612	114
862	105
327	56
2503	104
1590	120
1590	30
4003	71
2663	97
2663	78
3846	32
3846	31
3846	100
3846	58
903	145
903	45
903	72
903	11
589	50
589	101
1818	36
1818	124
654	56
3894	95
2753	56
1560	1
1560	93
1560	90
1560	154
2717	16
2717	148
4041	146
3716	36
3716	148
3716	131
3716	26
1401	126
1401	36
1401	142
1401	148
1719	153
1719	89
991	86
991	77
991	74
991	55
1495	86
1495	15
1495	26
3703	10
3703	128
1258	5
1258	104
184	103
90	43
2750	94
1090	36
1090	62
625	79
625	104
2397	10
2000	139
2000	71
3915	97
3915	78
2137	97
2599	40
2403	144
2403	10
2403	60
2403	133
2521	9
2624	67
2624	97
217	10
2863	98
4035	104
1442	104
2089	103
2089	67
2089	97
2089	80
2089	78
2532	139
2532	48
2532	85
2532	59
1655	40
1655	138
1655	44
3887	146
84	144
84	40
84	99
84	26
1514	24
3195	36
3195	62
1345	68
618	36
618	148
1163	102
1163	103
1163	33
1163	31
1163	128
1494	120
1494	30
2732	36
2732	62
2732	99
2732	153
729	146
2382	26
418	15
2437	40
2437	99
2437	153
192	55
3936	36
704	42
1056	86
3190	43
3190	153
419	40
419	51
1441	153
1441	89
2715	40
2715	26
2807	10
2807	67
716	24
716	25
716	89
3447	25
3447	42
3424	153
3424	89
2345	147
2345	70
2345	133
434	153
278	89
1954	36
1954	43
1954	148
1954	21
1954	26
2009	130
3076	40
3076	55
3076	153
1000	24
1000	25
1805	89
1164	138
1164	44
253	9
1939	26
2006	60
2006	75
2006	93
2006	154
2006	13
2489	65
2489	86
2489	101
2979	71
2631	41
2631	26
446	86
446	55
3885	86
2113	138
2113	44
2605	26
3043	131
1588	88
1588	15
3245	26
2725	32
2832	36
3191	125
3191	130
975	49
3357	26
928	86
928	76
928	55
117	84
117	153
2224	35
2224	56
2170	68
1544	86
3046	147
3046	1
266	74
266	55
441	119
441	24
2024	40
3365	26
2172	15
17	88
17	91
17	101
3581	88
3581	101
2092	88
2815	86
2815	74
2351	25
2351	144
2351	146
1702	130
1702	129
1702	134
1702	1
3764	40
3764	97
3764	55
756	86
756	15
1012	84
3035	144
3035	86
3035	76
3182	43
3182	45
3182	147
1466	40
1466	99
1466	153
1662	88
3721	32
3721	31
3721	100
3721	58
3710	55
2108	119
2108	120
2108	79
2108	128
2108	91
2108	76
2076	97
3484	79
528	115
528	144
528	41
528	88
1815	91
2860	24
2429	9
2429	74
2429	15
2995	119
2156	31
2156	43
2156	55
2156	89
2156	13
2156	26
1194	56
1194	1
1194	67
3539	139
3539	68
3539	112
1007	62
1007	30
3528	34
3528	16
2778	25
2444	88
3259	31
2740	88
2740	91
2740	101
2711	86
2711	54
3483	56
3695	102
913	86
913	101
156	47
156	50
820	139
820	101
40	6
40	40
1162	54
3402	70
393	41
393	45
3090	56
3090	137
2843	56
2843	67
1379	32
1379	31
1379	100
1379	58
3289	33
3289	43
3289	41
3289	1
463	25
463	88
1407	34
1407	134
1407	1
1225	40
1225	64
1637	10
1637	97
1026	86
1026	55
2290	128
2290	139
2290	101
2290	95
1183	120
1183	81
1183	132
2581	115
2581	43
2581	105
659	109
659	55
659	153
400	104
400	102
400	118
246	29
2253	79
2253	141
2253	104
891	24
2374	148
403	26
3138	86
3138	49
642	121
642	134
642	1
2655	97
1058	36
81	88
81	15
3592	16
3592	68
3592	108
1155	79
3520	17
1887	10
1887	40
88	99
2047	17
3635	126
3635	10
3635	128
636	130
775	56
775	95
3590	63
3590	86
3590	67
3590	101
2293	64
2004	104
2004	102
3822	122
3247	19
1554	105
1745	40
3933	79
964	36
86	146
3640	79
444	31
444	41
1931	86
1690	115
3225	36
3992	88
3992	76
3992	15
1157	56
1157	128
1157	113
1625	124
517	16
517	55
517	153
3087	144
3087	40
1949	91
1949	101
207	131
207	101
608	10
3614	43
3614	41
3614	40
1971	128
1080	26
2238	143
614	105
527	36
527	41
527	26
1696	86
1696	55
373	91
373	139
373	55
942	10
3948	10
3948	7
1630	57
1630	56
220	25
395	61
395	101
1789	10
1789	124
945	31
1571	74
1307	82
1307	26
411	10
64	115
64	41
64	26
755	88
1333	10
1333	91
1333	68
1333	50
1271	19
1044	19
2169	139
2169	101
3659	6
3659	40
1977	49
1181	31
2816	153
1287	34
1287	128
724	120
724	79
2276	120
2524	26
1296	88
1296	91
1296	101
830	124
830	78
830	55
1828	109
1828	108
1698	88
1698	15
993	86
993	77
993	101
1811	86
1811	49
1811	112
1811	113
678	79
678	23
2199	88
2199	91
229	49
329	88
329	15
1374	25
3987	55
3546	47
1088	119
1088	120
1088	79
1088	128
1088	91
1088	76
1088	74
3004	91
1945	86
1945	15
1945	55
2475	88
2957	6
2957	144
2957	16
2957	50
2957	15
454	68
282	36
282	146
282	139
282	26
3149	98
728	95
728	55
2537	77
3055	71
146	86
146	112
146	55
619	65
619	86
619	101
3136	36
3136	148
3136	26
3304	86
3304	15
3304	55
3006	25
1204	36
1204	148
2312	88
669	86
669	55
3296	131
3296	50
3296	101
1532	130
4057	47
4057	15
54	88
54	15
1920	25
1920	146
1849	119
1849	91
1849	101
3904	41
3904	147
2507	40
3784	40
3991	65
1620	10
1620	19
3945	114
2257	8
2257	143
1547	10
3335	36
1561	101
320	24
2055	39
2847	24
3097	88
3736	151
1057	86
1057	55
2101	119
2101	123
1938	32
1938	31
3651	65
2328	102
2328	10
2150	108
2150	80
2217	129
2217	134
2217	86
406	115
406	33
406	31
406	29
406	65
406	52
2037	31
2037	29
2037	65
1893	31
1893	29
1893	65
1726	115
1726	31
1726	29
1726	65
3248	31
3248	29
3248	40
590	35
590	56
2943	48
2943	85
627	109
627	108
2376	29
2376	40
2376	122
3625	33
3625	128
2090	153
2652	102
2652	118
2652	19
298	79
298	10
298	123
2685	50
2685	101
2800	31
2800	51
1408	97
1408	116
2097	1
2097	74
2326	26
2023	108
1193	5
1193	104
1448	12
1448	50
2071	64
3383	49
3383	153
2498	10
2498	68
1838	126
1838	36
1838	148
2332	119
2332	123
3836	71
1578	115
1578	31
1381	88
270	36
270	122
