2060	2
2060	1
2060	6
1491	1
1491	5
1955	1
3435	2
3435	1
3007	1
2882	2
2882	1
1117	3
1117	2
1117	1
1117	6
2610	3
2610	2
2610	1
2610	5
2610	7
2610	13
2610	12
2610	10
2610	11
4184	3
4184	2
4184	1
4184	5
4184	7
4184	13
4184	12
4184	10
4184	11
670	3
670	2
670	1
670	5
670	7
670	13
670	12
670	10
670	11
3215	3
3215	2
3215	1
3215	5
3215	7
3215	13
3215	11
2633	1
2271	2
2271	1
2271	6
3945	2
3945	1
4034	2
4034	1
3683	1
3780	1
3780	7
4388	1
4388	10
1645	1
822	1
822	5
3680	1
1863	1
1863	6
1725	1
2643	1
4107	2
4107	1
4054	1
2418	1
2418	5
2418	6
2528	1
2528	6
2081	1
287	1
287	14
287	6
2662	2
2662	1
469	2
469	1
1664	1
3533	1
833	1
833	6
3604	1
924	2
3700	2
1187	2
1187	6
898	2
898	6
908	2
908	6
908	10
1914	2
1914	6
3923	2
2777	2
3848	2
3848	6
133	3
133	5
1620	14
1620	6
3112	2
3036	5
3036	4
3087	15
3087	4
1095	6
1095	4
2853	3
2853	2
2853	1
2853	12
2853	10
2922	2
2922	6
3642	2
3642	6
2947	2
2947	6
4372	2
4372	6
1309	1
1309	6
2335	1
2335	6
2369	2
2369	1
181	1
4257	1
2307	3
2307	2
2307	1
2307	13
2146	2
2146	1
1209	1
1209	6
4165	5
4165	4
4165	10
3679	5
3679	4
3911	2
3911	6
1145	2
3059	2
3196	2
291	2
72	2
2642	1
2642	6
87	4
87	12
1852	1
1852	6
1852	10
764	1
764	6
462	1
2240	1
2240	6
372	1
699	3
699	9
699	5
699	15
1731	3
1731	9
1731	2
1731	1
1731	14
1731	5
1731	7
1731	13
1731	12
1731	11
4214	2
4214	5
4214	15
4214	4
2160	2
2160	5
2160	6
2160	10
3597	2
3597	1
3597	5
3597	10
3771	2
3771	1
3771	5
3353	2
3353	1
3353	5
3353	10
1978	3
1978	2
1978	1
1978	6
885	3
885	2
885	1
885	6
2354	2
2354	1
2354	5
2354	10
4149	2
1273	2
1273	1
2590	2
2590	1
3982	2
3982	15
3338	5
3338	4
2013	5
2013	6
2013	4
2013	7
2454	8
3556	3
3556	2
3556	5
3556	4
3556	8
3556	10
386	14
386	6
386	13
386	17
4231	14
4231	6
975	1
975	14
975	6
3967	1
3967	14
3967	5
3967	6
4402	1
2494	1
4404	2
4404	1
4191	2
4191	14
1401	1
1401	14
3750	14
3086	14
3156	1
3576	1
3576	6
3594	1
3594	14
1761	14
617	1
617	14
617	6
3024	1
3024	14
3024	6
162	2
162	14
162	5
1263	14
1263	6
2595	14
3302	14
1845	1
1845	14
1639	14
511	14
2468	1
2468	14
2468	6
3171	1
266	1
266	14
4274	2
4274	14
4274	10
3440	1
3411	1
3411	14
1823	1
1823	14
3511	1
3511	6
2212	14
739	1
739	14
739	6
739	7
445	1
1665	14
2663	14
2663	10
1430	3
1430	6
1430	7
1430	13
500	3
500	2
500	1
500	15
500	7
500	13
2966	3
2966	2
2966	15
2966	7
2966	13
1013	5
1013	4
2379	3
2379	9
190	5
190	4
571	5
571	11
860	3
860	5
860	7
860	10
2830	1
2830	6
3770	3
3770	2
4312	3
4312	2
4312	14
4312	6
4312	4
368	2
368	6
368	15
2	11
2894	5
2894	4
2894	10
3006	5
3006	4
3006	10
176	3
176	9
621	6
621	4
621	8
621	13
621	10
1329	1
1329	6
805	1
805	5
805	6
805	15
805	8
805	13
1230	2
1230	5
1230	4
1230	7
1230	10
3202	2
3202	5
3202	4
3202	7
3202	10
3340	1
3340	15
3340	4
4306	11
1736	9
1736	1
540	9
1864	1
1053	1
1974	1
3811	1
1335	2
1335	1
4190	1
426	1
1649	1
1017	1
3347	1
3347	6
4354	1
4018	2
1463	17
1463	10
2287	1
2287	14
4028	3
4028	2
4028	5
4028	6
4028	4
4028	7
4028	17
4028	10
2802	2
2802	17
2802	10
3438	5
1779	2
1779	5
1779	6
1779	10
2937	8
2937	12
2937	10
2937	11
2289	2
2289	6
2289	4
2289	8
2289	13
2289	12
2289	10
2289	11
4305	1
4305	14
4305	4
153	14
153	4
153	10
178	2
178	1
178	5
178	6
1583	3
1583	1
1583	14
1583	5
1583	6
1299	3
1299	1
1299	5
1299	10
4021	3
4021	5
4021	6
4241	8
4241	7
4286	3
4286	1
1306	3
1306	10
1043	6
1043	7
1043	10
1358	5
1358	4
249	3
249	2
249	6
249	7
249	11
1904	2
1904	6
1786	2
2166	5
2166	6
3451	1
3451	5
2310	2
2310	10
2310	11
3391	2
3391	5
1950	1
1950	5
1950	6
1950	4
4124	12
4124	10
4124	11
705	1
705	6
1598	1
1598	6
2389	2
2389	1
2389	6
1483	2
1483	1
1483	6
2920	1
2920	6
834	1
834	6
600	1
600	6
3701	2
3701	1
3701	6
2770	2
2770	1
2770	6
2770	11
687	1
687	6
4133	1
4133	6
3491	1
3491	6
2974	1
2974	6
4178	1
4178	14
4178	5
4229	3
4229	6
4229	4
408	3
408	4
2064	14
4301	1
4301	14
1318	1
1318	14
1318	6
1318	4
1249	3
1249	1
1249	14
3264	2
3264	14
1148	14
276	5
276	6
1172	14
2861	14
1142	1
1142	14
1142	6
1142	4
3403	14
1891	14
2440	1
2440	14
2440	6
2508	9
2508	2
2508	6
2508	8
2508	12
2508	11
3670	5
3670	10
239	1
239	6
2867	1
2867	6
1679	1
1679	7
6	1
3309	14
4161	1
4161	14
4161	6
2230	14
2230	10
3637	1
3637	6
766	14
2427	2
2427	14
2427	11
1537	1
1537	6
1537	4
912	4
1089	3
1089	2
1089	1
1089	6
1396	1
1900	5
188	2
188	5
188	10
1101	1
1669	3
1669	2
1669	5
1669	8
1669	11
758	1
758	4
3120	3
3120	2
3120	5
3120	8
3120	10
3120	11
1265	3
1265	9
1265	2
1265	5
4167	3
4167	2
4167	5
4167	8
4167	11
904	3
904	2
904	5
904	8
904	11
3230	2
3230	6
3230	7
3230	12
3230	10
3230	11
1054	1
2866	1
2866	5
813	3
813	2
813	1
813	11
1895	3
1895	1
1895	6
2216	2
2216	1
2216	14
1682	14
3942	1
3942	6
1512	1
837	1
837	5
798	1
798	5
560	1
501	1
501	14
257	5
257	6
257	4
3959	1
3959	14
2142	14
871	1
871	14
871	6
871	4
195	14
3602	1
3602	6
1711	2
1711	10
1041	2
1041	14
1041	11
3082	3
3082	2
3082	5
3082	6
3082	4
3082	12
2813	1
2813	14
1734	2
1734	1
1794	14
1794	10
1399	1
1399	5
1399	6
1399	4
3755	1
3755	6
3983	3
3983	2
3983	1
2501	3
2501	1
3820	3
3820	1
4170	3
4170	2
4170	1
4170	14
950	3
950	1
2022	3
2022	1
1323	3
1323	1
1400	3
1400	1
1400	10
4168	3
2203	2
2203	1
2203	7
3352	3
3352	1
2545	1
2545	6
1999	1
1999	6
1999	10
2284	1
2284	6
3803	1
3803	6
3746	1
3746	6
535	1
535	6
2928	1
2928	6
1274	1
1274	6
1274	10
4403	1
4403	6
3383	1
3383	6
4159	1
4159	6
1741	3
412	1
412	6
2401	10
1395	1
1395	6
2705	1
2705	6
3828	1
3828	6
3828	7
119	1
119	6
119	7
2174	1
2174	6
1963	1
1963	6
347	1
347	14
347	10
465	14
2317	2
2317	1
569	1
569	6
50	1
3324	2
3324	1
3324	6
3324	4
2139	1
2139	6
2139	4
1876	2
1876	1
1876	5
1876	6
1876	4
3603	2
3603	1
3603	14
3603	6
3603	4
3487	2
3487	1
3487	6
3487	4
1975	4
4109	3
4109	2
4109	1
4109	6
1472	5
1472	4
4074	2
4074	1
945	2
945	1
107	2
107	10
588	2
588	1
588	6
213	2
213	10
1516	2
4264	2
4264	1
2270	2
2270	1
118	2
118	1
1889	2
1889	1
1889	6
1889	10
4043	16
4296	1
319	1
3928	1
4340	3
4340	1
4340	13
4340	11
1103	1
324	1
1363	1
3363	3
3363	9
3363	1
3363	13
3363	11
3544	1
3544	6
3468	14
2971	1
2971	10
3723	1
2315	3
2315	1
2548	1
2548	6
3125	1
3125	6
1907	1
1907	6
2673	1
2673	6
2845	1
2845	6
4046	1
4046	6
4272	1
4272	6
1000	2
1000	1
3122	14
4266	14
2518	14
3057	14
3310	6
2522	2
2522	14
2522	10
2231	2
2231	5
2231	6
2231	10
2231	11
1085	2
1085	10
1742	1
1742	6
3883	5
3883	8
1048	5
470	5
714	2
714	5
714	7
2059	1
2059	5
2059	8
2149	5
2533	5
1288	5
1288	6
4243	5
521	5
521	6
1808	3
1808	2
1808	5
1808	6
3720	3
3720	5
3720	6
1059	3
1059	5
1059	6
4008	3
4008	2
4008	5
4008	6
2077	5
1879	5
1879	6
2527	3
2527	5
2527	7
3039	14
2507	2
2507	14
3346	14
3346	15
4443	1
4443	14
4443	6
215	14
385	3
385	14
385	6
385	4
4000	14
2943	14
1948	14
254	14
3117	2
3117	1
3117	5
3117	6
3117	4
3117	7
3117	12
3117	10
3117	11
2990	5
2990	4
1215	5
1215	4
1215	10
1981	14
2269	1
237	1
237	6
1369	1
1369	6
1195	1
1195	6
267	1
267	6
488	1
488	6
2080	3
2080	1
2080	5
2080	15
2080	8
572	3
3290	3
927	3
1372	6
946	2
946	5
946	11
1473	5
1473	7
1473	11
2096	5
2809	5
2809	7
2809	11
2961	5
815	5
3705	5
2245	5
3218	5
601	5
2165	2
2165	5
2165	7
2165	11
3189	5
606	5
606	4
1392	3
2848	1
2848	5
2660	14
891	14
2686	5
2963	3
2963	2
2963	1
183	3
183	1
183	11
1484	3
1484	2
1484	1
1484	13
1484	11
2214	1
2214	14
2214	10
639	14
639	17
639	11
1228	1
1228	6
1228	4
619	2
619	5
619	4
2233	3
2233	2
2233	1
2233	14
2233	6
1550	5
1550	6
1550	4
1550	10
3936	5
3936	6
3936	4
2132	1
2132	17
455	3
455	1
3568	3
3568	2
3568	1
4005	1
2026	1
2026	14
2026	6
2787	1
2758	1
2758	6
1524	1
1524	6
2525	5
2525	6
2525	4
1060	5
1060	6
1060	4
884	3
884	14
3698	3
3698	2
3698	14
3478	14
1147	1
1824	1
3367	1
3367	14
1580	1
2091	3
2091	10
1283	1
3724	14
3548	3
3548	1
3135	3
3135	5
3135	4
3135	10
3779	5
3779	6
3779	7
3779	10
3160	3
3160	15
3906	3
1337	3
2256	3
3988	1
3988	14
3988	5
3988	15
3988	4
3717	5
3717	15
4248	1
4248	5
4248	15
2500	2
2500	5
2500	6
675	2
675	5
675	6
1635	2
1635	5
1635	6
3251	2
3251	5
3251	6
3251	10
663	2
663	5
663	6
10	5
3714	2
3714	5
3714	4
3714	13
2057	5
2057	4
303	5
303	6
303	4
4024	5
4024	6
4024	4
1410	5
1410	6
1410	4
1410	10
3045	6
3045	4
2584	5
2584	6
2584	4
4237	3
4237	9
4237	1
4237	6
3379	5
3379	4
314	5
314	4
530	5
530	4
4142	5
4142	4
1272	4
2111	4
2039	4
3681	4
1608	3
1608	9
82	5
82	6
82	4
82	10
82	11
3537	4
3537	10
1660	5
1660	6
1660	4
1660	10
1660	11
2381	6
2381	4
2381	12
3423	6
3423	4
3423	10
3684	2
3684	6
3684	4
3684	12
3684	10
3684	11
3364	3
3364	9
2932	12
2932	10
2932	11
2940	3
2940	2
2940	5
1835	9
1835	14
1751	3
1751	9
2664	9
2664	2
2664	4
2664	7
2664	12
2664	10
2664	11
861	3
861	14
861	5
2035	3
2035	6
1231	5
1231	6
1231	7
1231	10
3416	3
3416	13
3416	10
487	5
487	6
487	7
4155	3
4155	9
4155	1
4155	6
514	7
433	14
577	1
577	6
577	7
577	12
134	2
134	1
134	15
3550	9
1765	3
1765	2
1765	5
1765	8
3085	3
3085	2
1832	3
1832	2
2607	3
3005	3
3005	2
546	1
1364	2
1364	1
1364	11
3895	2
3895	6
3895	13
3895	12
3895	17
3895	10
3895	11
3380	6
3380	8
3380	12
3380	10
3380	11
4179	2
4179	15
4179	8
4179	13
4179	12
4179	17
4179	10
4179	11
3473	4
1222	4
1347	3
1347	9
1347	10
224	2
224	4
224	11
627	3
627	4
1180	4
1783	4
4209	4
231	4
3599	4
3763	4
1221	3
1221	5
210	3
210	5
2285	9
2285	2
2285	6
2285	8
2285	12
2285	11
3314	3
3314	9
3314	7
2236	3
2236	9
2236	7
2452	3
2452	2
2452	4
2452	8
2452	11
3651	3
3651	1
3651	8
3245	3
3245	5
1062	12
3658	2
3658	15
3658	8
3658	10
3658	11
1018	14
1018	6
1018	7
1466	5
1466	6
1466	7
4367	11
3674	1
3674	14
3674	5
3674	4
2644	6
2644	4
2644	7
2644	13
2644	12
2644	10
2644	11
2981	6
2981	4
2981	7
2981	13
2981	12
2981	10
2981	11
653	3
4068	14
3187	1
3187	6
413	1
413	6
413	4
4431	2
4431	1
4431	6
1349	1
1349	6
2747	1
2747	5
2747	6
2747	4
1989	1
4259	14
1681	6
874	1
874	14
4038	1
4038	14
440	1
3372	2
3372	1
3372	15
4042	3
4042	2
4042	1
4042	5
2760	2
2760	1
2760	5
2760	6
2760	17
2760	10
2652	2
2652	1
2652	5
2887	1
104	1
466	5
466	6
466	7
466	10
4160	14
2975	3
2975	2
2975	5
2831	5
2831	6
2831	7
2831	10
24	3
24	2
24	5
24	12
24	11
22	2
22	15
2144	2
2144	15
1788	2
1788	15
1788	13
1788	12
1788	10
1788	11
3421	3
3421	9
1026	2
1026	6
1026	13
1026	12
1026	10
1026	11
1504	3
1504	2
1504	6
1504	13
1504	12
1504	17
1504	10
1504	11
1581	3
1581	2
1581	6
1581	13
1581	12
1581	17
1581	10
1581	11
3385	3
3385	2
3385	6
3385	13
3385	12
3385	17
3385	10
3385	11
4441	2
4441	12
4441	10
4441	11
3896	2
3896	7
3162	3
3162	15
3162	8
3162	13
3162	12
3162	10
3162	11
4261	1
4261	6
1356	1
1356	6
1892	3
1892	2
1892	1
1892	13
4084	5
4084	6
4084	7
4084	10
849	3
849	1
3151	4
4338	4
721	2
721	6
1666	3
1666	6
1833	3
1833	2
1833	1
1833	5
1833	13
1833	12
1833	11
1167	3
1167	2
1167	1
1167	5
1167	13
1167	11
93	2
93	6
4141	3
4007	2
4007	6
4007	4
4007	8
4007	7
4007	13
4007	12
4007	10
4007	11
1548	14
1548	6
1548	10
4197	5
4197	4
2403	3
2403	1
2403	15
2765	3
2765	9
2765	1
2765	5
2765	15
2765	12
2828	9
2828	2
2828	14
2828	5
2828	11
894	3
894	2
894	14
894	5
894	7
894	12
894	10
894	11
3566	2
3566	5
3566	6
1913	2
1913	1
1913	6
610	9
610	4
610	7
610	13
610	10
610	11
1872	3
1872	2
1872	14
1872	5
1872	12
1872	10
1872	11
4081	3
4081	2
4081	14
4081	5
4081	12
4081	10
4081	11
3867	14
3486	3
3486	2
3486	1
3486	14
3486	5
3486	12
3486	10
3486	11
531	6
531	4
33	2
33	6
33	7
33	12
33	10
33	11
1346	2
1346	12
1346	10
1346	11
3392	1
3392	14
3392	6
1316	2
1316	1
1316	5
1316	12
3402	3
2259	1
2259	5
2259	6
2890	1
2890	6
1224	1
1224	6
1211	11
2220	1
3999	3
3999	1
678	14
678	10
997	9
3089	3
3089	5
3089	6
3089	4
3089	7
3454	5
3454	6
3454	4
3454	7
2152	2
2152	6
2562	5
2562	4
2562	10
797	6
3333	12
1586	1
3148	1
3148	6
1442	1
1442	6
1079	3
1079	6
1079	4
2648	5
2648	6
2648	4
398	6
398	4
398	12
970	3
970	2
970	1
970	6
196	3
196	2
196	1
196	6
3712	1
3712	7
1245	3
1245	5
1245	6
229	2
229	15
3987	4
3987	13
831	2
831	6
831	15
1135	3
4341	1
4341	6
2855	1
2855	6
252	1
252	6
255	6
255	4
3232	5
3232	6
3232	7
463	6
463	4
2769	6
2769	4
2946	4
3194	4
1672	5
1672	4
3013	9
3013	5
3611	9
3611	5
3611	4
2234	9
2234	4
2585	9
2585	4
1290	9
1290	4
322	5
322	7
1010	2
1010	1
1010	5
1010	7
1818	3
1818	2
1818	1
1818	13
1470	2
1470	5
2972	2
2972	1
2972	5
361	3
361	1
361	4
612	2
1192	2
4436	2
2956	3
2956	2
2956	6
2956	15
1380	2
1380	6
1380	15
3374	2
3374	6
3374	15
4131	3
4131	1
4131	5
2568	1
2568	5
2568	15
200	3
200	1
200	5
2373	5
2373	7
2104	1
2104	5
2104	6
4371	1
4371	5
4371	6
387	1
387	5
387	6
3015	1
3015	6
1536	3
1536	2
1536	8
1536	13
1536	11
4077	3
4077	2
4077	6
4077	15
4077	13
4077	12
3838	3
3838	6
3838	8
3838	12
3838	10
3838	11
1336	3
4088	3
4088	5
4088	6
4088	15
4088	4
4088	7
746	3
746	9
746	1
746	6
746	15
1387	3
1387	1
1387	6
1190	1
1190	14
1190	10
1750	3
3866	2
3866	6
3866	12
2395	2
2395	5
2395	6
2395	7
2395	10
2457	2
2457	6
2457	7
2457	13
4247	1
1453	3
1453	2
1453	5
4263	2
4263	5
4263	15
1397	2
1397	1
1696	2
1278	14
1278	10
3855	3
1854	4
825	1
825	4
3341	2
3341	1
3341	5
4002	2
4002	1
4002	5
4002	6
4002	11
3837	2
3837	1
3837	15
1161	4
724	3
724	5
724	6
724	4
724	13
724	12
724	10
724	11
289	1
591	2
591	1
591	5
4041	1
1623	1
1602	1
1602	5
1602	6
1602	12
1992	1
1992	14
1992	6
1676	1
1676	14
1676	6
3903	1
3903	6
2543	1
2543	6
1983	8
1902	7
3150	1
2253	1
2253	14
2253	6
2651	3
2215	1
2215	6
177	1
177	14
177	6
3553	3
3553	2
3641	5
3641	6
3641	7
4004	1
4004	14
4004	6
1629	2
1629	1
1629	5
1629	10
1482	2
1482	1
1482	5
1482	10
356	3
3759	1
355	14
355	5
355	12
355	11
2217	5
2217	4
3447	4
3307	4
3766	5
3766	4
3274	5
3274	4
2010	4
2010	10
2296	5
2296	4
2763	4
3669	2
3669	5
3669	12
2275	1
2275	7
632	1
632	5
632	6
632	4
632	12
632	10
632	11
2129	2
2129	6
2129	4
2129	11
4438	2
4438	6
4438	4
4438	11
1532	2
1532	6
1532	4
1532	11
1969	2
1969	6
1969	4
1969	11
1119	2
1119	6
1119	4
1119	11
581	5
581	15
581	4
453	1
453	6
129	1
129	6
4110	14
2374	14
2374	5
682	1
2447	2
2447	1
2447	14
3829	2
3829	1
2774	14
4119	14
1042	4
1042	13
1298	3
1298	4
1298	13
1775	15
1775	4
3872	14
3872	10
278	14
2128	3
2128	9
4129	14
981	3
981	14
981	5
2599	1
3924	1
3846	14
3846	6
3747	5
3747	6
3747	7
3747	10
3273	3
3174	15
3174	4
3246	5
3246	4
4377	4
3081	5
3081	4
3610	4
4349	2
4349	1
4349	15
4349	4
3845	3
3845	5
3845	10
381	2
381	5
3296	3
3296	5
3296	15
3296	8
80	3
80	1
2854	2
2854	5
2854	10
2550	2
2550	1
2550	5
1418	2
3551	1
3551	14
3551	6
3551	13
2483	2
2483	1
2483	5
1334	2
1334	1
1334	5
274	2
274	1
274	6
2566	9
2566	2
2566	4
2511	10
4324	3
785	3
785	9
1285	1
1285	5
1285	15
1285	7
1285	13
4327	12
4327	10
4327	11
2876	3
2876	5
2876	4
962	3
1611	3
4429	3
4429	2
4429	5
4429	7
4429	10
679	3
679	6
3708	5
3708	4
2801	5
2801	6
2801	4
3243	3
3243	5
1317	1
718	3
393	3
393	1
393	6
1438	1
1438	6
1438	4
4127	1
4127	14
4112	3
4112	9
4112	14
4260	14
2563	9
2563	5
4223	2
4223	1
4223	5
4223	6
2707	1
2707	6
4268	2
4397	3
4397	5
4397	6
3649	2
3649	1
3649	5
3649	13
3233	2
3233	1
3233	6
206	5
206	4
206	10
1840	3
1840	1
1840	6
2301	2
389	3
605	3
605	9
599	15
599	8
599	10
1307	3
3926	2
3926	6
3926	17
3926	11
1784	14
1152	3
1152	6
522	4
2936	2
2936	6
3097	2
3097	1
4253	2
3892	5
3892	6
3892	10
4093	3
4093	9
4093	6
2189	3
2189	9
2577	3
2577	9
1338	14
1338	10
2805	3
2805	2
2805	5
2805	12
2805	10
2805	11
2223	3
2223	6
2223	4
265	4
265	13
3432	1
3432	6
4416	3
4416	2
4416	5
4416	11
1487	14
2297	1
2297	14
2297	6
2309	1
2309	7
1459	1
1459	6
790	14
1527	2
1527	1
2119	2
2119	5
2119	6
2119	4
2119	7
2119	12
2119	10
2119	11
1440	2
1440	5
1440	6
1440	4
1440	13
1440	10
1440	11
3197	10
1575	3
2479	14
2479	5
2479	4
456	3
1822	4
1822	13
3116	3
3648	14
1632	3
1393	1
3985	1
760	3
760	1
760	6
1617	2
1617	1
1194	1
1650	6
1650	4
1650	8
1184	3
1184	9
1184	6
3940	2
3940	15
3527	13
3527	12
3527	17
3527	11
4136	1
4136	6
383	3
383	5
4311	5
1797	3
1797	9
1797	5
1653	3
1653	5
1653	16
3248	1
3248	14
3248	6
1605	3
1605	1
1605	14
1605	7
3328	3
3328	9
4362	3
4362	9
3735	5
2779	5
2832	3
2832	2
2832	6
2832	10
513	2
513	1
513	6
3266	2
3266	1
3266	6
3266	15
3266	10
2411	2
1547	3
1547	2
1547	6
3536	3
3536	2
3536	6
3536	11
808	2
2438	2
2438	6
2449	3
2281	2
2281	6
1600	2
1600	6
744	10
4348	1
2641	2
2641	1
2360	3
2360	1
2360	13
2360	11
1446	1
3101	1
3430	1
3560	1
3560	6
3205	1
2239	2
2239	1
3064	4
2608	3
2608	1
2608	13
2608	11
2079	3
2079	1
2211	3
2211	1
3821	3
3821	2
3821	1
3821	5
3857	2
3857	1
3857	5
3857	15
3857	10
379	3
379	5
379	4
379	7
379	10
285	3
285	9
2913	1
877	2
877	1
877	5
877	10
504	3
504	2
504	6
823	3
823	2
823	6
3624	1
3624	6
3056	14
3056	6
3056	10
3751	14
3751	10
121	14
121	10
2303	14
2303	10
4386	14
4386	10
3211	14
3211	10
1903	14
1903	10
2995	14
2995	10
2865	14
2865	10
1107	14
1107	10
1718	14
1718	10
2180	14
2180	10
730	14
730	10
2375	14
2375	10
957	14
957	10
1954	14
1954	10
542	3
542	4
3676	14
3676	10
1092	9
1092	14
1092	10
2225	14
2225	10
3913	14
3913	10
3900	3
3900	2
3900	5
3900	12
158	9
158	14
158	10
4067	14
4067	10
1701	2
1701	1
1680	14
1680	10
1729	14
1729	10
841	14
841	10
4013	14
4013	10
716	14
716	10
1993	14
1993	10
4147	14
4147	10
2321	14
2321	10
2600	14
2600	10
275	14
275	10
2834	14
2834	10
536	14
536	10
1437	14
1437	10
2228	14
2228	10
3037	1
509	9
509	14
509	10
447	2
447	11
1753	14
1753	10
921	14
921	10
2178	6
2178	4
325	3
325	2
325	1
325	13
357	3
2248	14
2248	10
4408	9
4408	14
4408	10
4419	14
4419	10
4174	14
4174	10
4035	14
4035	10
3740	14
3740	10
345	14
345	10
1747	14
1747	10
2973	2
2973	1
2973	5
2973	10
868	9
868	14
868	10
2098	1
2098	14
2098	10
2370	14
2370	10
2193	14
2193	10
3808	14
3808	10
4071	9
4071	14
4071	10
209	1
209	5
4425	14
4425	10
130	3
130	2
130	6
130	7
4297	3
1003	3
1003	2
1003	6
4211	3
4211	2
4211	5
4211	7
3332	2
3332	6
1906	2
1906	1
1906	7
1805	2
1805	7
4105	2
4105	7
2137	2
2137	7
2137	13
2137	10
1859	2
1859	6
3143	2
3143	6
1743	2
1743	6
4255	2
4255	6
4255	12
4255	10
1648	2
1648	7
1648	10
3096	5
3096	4
27	5
27	4
1104	2
1104	11
2205	3
2205	2
2205	4
2205	8
2205	11
2051	9
2051	2
2051	4
2051	10
2051	11
1777	2
1777	6
1777	12
1777	10
1777	11
1434	9
1434	4
1434	10
1434	11
1074	9
1074	2
1074	4
1074	13
1074	10
1074	11
3507	2
3507	6
3507	4
3507	13
3507	12
3507	10
3507	11
3935	6
3935	4
3935	13
3935	10
1314	1
1314	6
1314	4
1314	13
1597	1
1597	6
1597	4
1597	13
1597	12
1597	10
1597	11
164	3
164	2
164	5
164	10
164	11
3405	2
3405	1
1720	3
1720	2
1720	5
1720	10
1720	11
1894	2
2649	3
2649	6
2870	1
2870	12
2870	11
2030	1
3965	14
2793	2
3565	3
3565	2
3565	1
3565	6
4163	2
4163	10
2404	2
2404	1
2404	12
2404	11
649	5
649	6
649	4
649	10
649	11
127	2
127	5
127	4
127	10
127	11
3227	5
321	1
321	14
321	6
3574	3
3574	1
2175	3
2175	5
686	5
686	7
942	1
942	14
942	5
942	6
942	4
942	10
2302	14
2302	10
1084	5
1084	6
1084	4
1084	10
1321	14
1321	6
1321	4
1321	10
4424	1
4424	5
4424	6
4424	4
4424	10
3386	5
3386	4
2840	3
2840	2
2840	1
2840	6
2840	13
3737	2
3737	1
3737	13
2751	2
2751	1
2751	13
624	2
624	1
624	13
549	3
549	2
549	1
549	6
549	13
3287	2
3287	1
3287	13
1448	3
1448	2
733	3
733	6
733	7
537	3
537	9
3783	3
3783	5
3732	3
3732	5
142	5
142	6
142	4
142	10
142	11
2491	3
2491	5
3131	3
3131	2
3131	5
3633	2
3633	5
3633	6
3633	10
4215	2
4215	5
4215	6
4215	10
344	5
344	6
344	10
1830	5
1830	6
1830	10
4195	2
4195	1
4195	14
3753	2
3753	1
3753	10
2218	4
2250	1
2250	6
2695	1
4336	1
4336	6
3365	3
3308	3
3308	2
3308	6
3308	10
4318	2
4318	5
4318	4
4318	13
4318	10
4318	11
2068	3
2068	6
4125	3
4125	9
792	9
778	3
778	9
778	6
4342	5
4342	6
4342	7
2312	6
2312	13
2312	11
2176	5
2176	6
2176	4
2176	10
4138	3
4138	9
4138	5
801	5
801	4
801	10
1755	5
1755	4
1755	10
964	5
964	6
964	4
964	10
4103	5
4103	15
4103	4
4103	10
1382	5
1382	4
1112	3
1112	9
2669	1
2669	5
2669	6
2669	7
2669	13
4315	3
4315	2
4315	5
4315	8
4315	7
4315	12
4315	10
4315	11
2768	2
4228	2
4228	7
3213	2
2635	2
2635	7
2767	2
2767	6
2260	1
75	5
2819	5
919	3
919	9
4032	3
4032	5
4032	12
2959	3
2959	5
2959	8
2125	3
2125	9
2125	2
2125	5
2125	6
2125	7
2125	13
2125	11
1177	5
1177	15
1177	7
3905	2
3905	7
3905	10
253	5
253	6
253	4
253	10
2171	3
2171	5
3200	1
3200	6
3692	2
3692	1
3692	6
3499	1
3761	14
3761	10
2988	1
2988	10
1968	6
3937	14
1326	2
1326	10
3570	3
3570	1
3756	11
3995	2
3995	10
557	6
557	8
557	13
557	12
557	10
557	11
1308	2
1308	5
1816	1
3446	3
3446	5
3446	15
3446	8
3446	13
1086	3
1086	2
1086	6
1086	7
1086	10
1143	3
1143	5
1143	4
2797	3
2797	2
994	3
994	5
3769	3
3769	1
3769	6
1007	1
1007	6
1007	4
3535	3
3535	2
3535	1
3535	13
1098	1
1098	6
910	1
910	6
2998	2
2998	1
2998	6
2658	3
1423	3
1423	14
1423	10
1081	3
1081	1
1081	6
401	1
401	6
807	1
807	14
807	6
1618	5
1618	7
1618	11
1684	5
1684	4
1684	13
370	14
3068	2
3068	5
3068	15
3068	7
3068	10
1738	2
1738	7
3477	4
3477	10
3477	11
645	2
3119	2
3119	1
3256	3
3256	2
3256	1
2313	2
2313	5
2313	15
2313	4
2313	7
2581	2
2581	7
2581	13
2581	17
2581	10
365	3
1936	3
1057	3
1057	2
1057	16
3145	3
3145	5
3145	8
2561	3
2561	9
281	3
281	5
1068	3
1068	6
4432	3
4432	2
4432	1
4432	5
1207	3
1207	4
2578	2
2578	6
2578	15
4398	2
4398	1
4398	7
3301	15
3301	8
3301	13
2808	3
2808	2
2808	1
2808	5
2808	15
2808	7
2808	11
2907	9
2907	5
2907	4
4230	3
4230	2
4230	6
4230	10
1708	14
1885	1
1885	7
856	1
856	6
2399	1
2399	6
827	1
827	6
1421	1
1421	6
485	1
485	6
4145	2
2510	2
2510	1
2405	1
2405	6
4182	3
2003	3
2003	1
3693	2
3693	1
3693	5
3693	13
3693	12
3693	11
538	17
538	11
2190	1
2190	6
3198	14
1534	3
1534	9
1534	1
1534	6
2656	3
2656	1
2377	3
4322	5
2041	3
2041	1
2041	5
2041	6
3775	5
4076	2
2071	1
2071	5
3169	3
3169	2
3169	6
3169	15
3169	10
3818	5
3818	6
3818	13
309	5
309	13
3312	5
4400	5
4400	13
476	5
476	13
2031	3
2031	14
2031	7
3587	3
3587	14
3587	5
3587	7
533	2
533	6
533	4
533	10
3017	4
3017	10
2910	5
2910	6
2910	4
2910	10
3842	2
3842	6
3842	4
3842	13
527	3
527	2
527	1
527	5
527	6
527	4
366	2
366	6
366	10
3552	3
3552	1
3552	15
1479	3
3917	3
3917	15
3917	7
3917	13
4185	3
4185	9
1001	5
1001	6
1001	4
1001	10
114	1
114	5
114	6
114	4
114	10
592	5
592	6
592	4
592	10
592	11
676	1
676	5
676	6
676	4
676	10
676	11
949	5
949	6
949	4
3949	5
3949	15
3949	4
1558	5
1558	6
1558	4
3300	3
3300	5
3667	3
3667	5
3667	10
3667	11
3871	5
3871	4
2293	5
2293	4
405	5
405	4
405	10
482	3
482	5
482	10
2316	3
2316	6
3055	3
2327	3
2327	6
3034	6
4360	3
4156	2
4156	1
4156	5
1292	2
1292	5
1223	3
1223	1
1223	13
1223	17
3181	2
3181	6
3181	10
332	1
2514	2
2514	5
170	2
170	1
170	5
170	6
170	13
170	12
1528	3
1528	10
4099	2
4099	1
4099	6
4099	10
4331	2
4331	1
4331	6
4331	7
4331	13
4331	12
4331	10
1279	2
1279	14
1279	6
1279	7
3823	5
3823	6
3823	7
3823	10
4219	3
4219	2
4219	15
4219	8
4219	13
3847	4
3558	4
427	3
427	5
427	13
1717	5
1717	6
1717	4
1717	12
1717	10
1717	11
2027	7
2027	13
2027	10
1025	10
1031	3
1031	4
1031	8
1031	10
604	5
604	12
604	10
604	11
1426	4
1426	12
1426	10
1426	11
1848	3
1652	1
1652	6
3408	1
3408	6
710	6
710	4
887	6
887	4
887	10
643	5
643	4
3093	1
74	1
503	1
503	5
503	6
21	13
3588	1
3588	5
3588	6
2602	3
2602	5
2602	6
2602	15
2602	8
2602	7
2602	13
2602	12
2602	11
247	3
247	1
247	5
247	8
247	13
247	11
2162	3
2162	9
2162	2
2162	1
2162	5
3299	3
3299	5
3299	8
3912	3
3912	1
3912	5
3912	8
3912	12
3912	11
517	3
517	1
517	15
517	7
517	10
1763	3
1763	2
1763	1
1763	13
748	2
748	1
2074	3
2074	2
2074	1
2074	13
3799	2
3799	1
2110	3
2110	10
2138	3
431	4
431	13
388	2
388	10
388	11
3113	2
3113	10
3113	11
3929	1
1769	1
2410	2
2410	1
2410	5
2410	10
2458	2
2458	1
2458	5
2458	15
2458	10
524	3
524	2
524	1
524	5
524	15
524	10
1616	2
1616	1
1616	5
1616	15
1616	10
4052	2
4052	1
4052	5
4052	15
4052	10
3622	2
3622	1
3622	5
3622	10
2431	5
1683	5
1683	10
1441	5
1441	10
2430	2
2430	5
2430	4
2596	3
2596	2
2596	1
2596	15
2938	5
2938	6
2938	4
102	5
102	4
349	5
349	6
349	4
998	3
998	5
998	6
998	4
998	7
3920	5
3920	6
3920	7
3920	13
3920	12
1210	7
3875	2
3875	1
3875	15
4381	2
4381	6
4384	1
4384	6
1567	3
1567	2
1567	1
1567	5
1567	13
1567	12
2424	6
2424	4
2895	1
3616	7
2333	1
2333	14
2333	6
2333	4
1686	5
1686	4
1853	6
1853	12
1853	10
1853	11
1593	1
1791	5
1791	7
3166	1
495	2
495	1
3798	2
3798	1
1300	2
1300	1
1300	5
1300	10
128	2
128	1
128	6
4027	2
4027	1
1928	2
1928	1
1928	5
1928	10
1149	2
1149	1
3961	3
3961	1
3961	5
3961	7
3961	13
3961	12
3961	10
3961	11
2788	3
3414	2
3414	14
3414	6
3414	8
3414	12
1809	5
1809	6
1809	7
1809	10
122	4
2919	14
2542	14
1621	14
4044	3
4044	2
4044	1
4044	7
4044	13
3975	3
3975	14
3975	6
4108	1
2356	1
4118	1
953	1
2810	3
2810	1
2997	6
2486	5
2486	4
2486	10
3247	3
3247	5
3247	10
45	3
45	9
3428	3
3428	9
4063	1
2655	1
2506	5
2506	6
2506	7
3497	2
3497	15
3497	7
1125	6
1125	4
1125	7
1045	3
1045	1
1045	5
1045	6
1045	8
1045	13
1045	11
703	3
703	1
703	6
703	15
703	8
703	7
703	13
703	12
703	10
703	11
4128	3
4128	1
4128	5
4128	6
4128	8
4128	11
1386	3
1386	9
1386	7
4056	4
4056	13
4428	3
4326	3
3265	3
3265	1
3265	10
3790	3
3790	9
3790	7
3100	3
3100	9
3100	7
1716	3
3666	3
3666	9
3666	15
3666	7
1561	3
828	3
987	3
987	9
987	10
3350	2
3350	1
820	1
2826	2
2826	10
2923	2
2923	10
1027	2
1027	10
2490	5
2490	15
2238	5
2238	15
3359	9
3359	5
2624	5
763	3
763	2
763	1
1383	3
1383	2
1383	5
1383	8
1383	7
1383	13
1383	12
1383	11
1817	10
2344	3
2344	5
2344	6
616	1
1507	3
1507	9
1627	4
1627	13
3186	9
3186	13
3691	9
3691	4
3691	13
3496	5
3496	4
3496	13
78	5
78	4
78	13
98	4
98	13
1163	4
1163	13
3647	3
3647	5
3647	4
3647	13
415	5
415	6
415	4
3661	5
3661	6
3661	4
2701	5
2701	4
2701	10
384	5
384	4
384	10
1218	3
1218	5
1218	6
1218	4
1218	10
1191	5
1191	4
1191	8
1191	7
1191	13
3133	3
3133	5
3133	4
3133	11
1402	5
1402	15
1402	10
3810	5
3810	6
3810	4
3810	7
3810	13
3810	12
3810	10
3810	11
693	5
693	4
693	10
2038	5
2038	4
2038	10
2772	5
2772	4
711	6
711	4
711	7
711	12
711	10
711	11
2717	4
923	3
923	5
3224	10
1939	2
1939	7
4396	2
4396	7
71	3
71	1
71	6
71	4
2277	6
2277	4
2277	7
2277	13
3618	2
3618	1
3618	5
3618	10
1408	2
1408	1
1408	5
1408	10
3044	2
3044	5
3044	10
3044	11
637	2
637	5
637	10
297	2
297	5
297	10
4222	2
4222	1
4222	5
4222	10
4258	2
4258	1
4258	6
4258	4
4258	7
4258	10
3710	3
3710	6
3710	8
3710	7
3710	12
3710	10
1124	2
1124	6
1124	7
2521	7
1642	14
1642	6
1642	15
3869	5
3869	7
3656	2
286	6
286	8
286	12
286	10
286	11
194	1
2394	3
2394	1
2394	5
2394	4
3369	1
3369	5
3369	6
3369	7
4411	2
4411	1
4411	12
4411	11
3757	3
3757	2
3757	1
3757	6
1546	3
1546	6
1546	7
1546	13
4153	3
4153	1
4153	14
91	3
777	3
777	5
988	6
892	6
4238	2
1941	3
3542	9
3542	14
3542	11
4207	3
4207	9
4207	1
1552	2
1552	6
1552	7
1552	10
873	2
873	6
873	7
873	10
3631	3
3631	1
3631	6
1178	3
1178	5
3163	3
3163	2
2785	3
2785	5
1281	2
1281	13
3673	2
3673	13
2666	2
1855	3
1855	9
906	15
906	8
906	13
906	10
906	11
4204	9
4204	4
4204	13
4204	12
4276	1
3994	3
3994	6
875	1
875	14
875	7
4092	1
4092	6
2935	3
2935	9
2935	10
1610	2
1610	1
1610	6
1610	7
1610	10
2106	5
3991	3
3991	14
3991	6
1478	4
1238	3
1238	9
2384	5
2384	6
2384	4
2384	7
1212	10
2516	3
2516	9
2516	10
2358	9
2358	6
2358	4
2358	13
2678	3
2678	5
2678	6
2678	7
585	3
585	1
585	14
585	6
585	7
4030	5
4030	6
4030	12
4030	10
4030	11
3021	15
3021	4
1246	14
2097	2
2097	1
2097	6
1836	3
1836	15
1836	7
1836	13
4166	3
1938	1
1938	8
1938	7
1938	13
2466	3
4140	9
4140	6
4140	4
2210	4
1722	3
1722	10
2088	3
2088	9
1447	2
1447	6
1447	7
108	14
505	6
505	10
1625	3
1625	9
528	3
528	8
528	12
528	10
528	11
3731	3
3731	5
3731	4
3731	10
3699	14
1588	2
1588	5
1588	4
1588	13
3787	2
3787	13
3986	4
3986	13
3240	4
3240	13
4227	2
4227	13
4047	5
4047	4
4047	7
4047	10
1312	3
1312	1
1312	10
4335	2
4335	6
1651	4
1651	10
3041	5
3041	4
562	2
562	4
562	8
562	11
1985	6
1985	4
1985	10
507	9
507	4
507	13
1036	3
1036	9
3506	3
3506	15
809	2
809	6
3809	3
3809	9
1947	9
1947	1
2812	3
2812	9
2812	6
2541	3
2541	7
473	3
473	9
201	3
201	9
2244	4
2244	13
143	3
771	3
771	11
2683	6
2683	4
2683	7
2683	12
2683	10
2683	11
802	1
4070	2
4070	5
4070	6
702	3
702	15
702	8
3868	2
3868	5
3868	6
1398	2
1398	5
1398	6
1398	7
1398	11
2979	15
2979	4
2979	7
2979	12
2979	10
2862	1
2862	10
4065	3
4065	2
4065	5
4065	7
4065	13
1905	3
1905	9
1905	2
1905	1
1905	5
3038	14
1912	3
1912	2
1912	5
2143	2
2143	10
2929	1
2929	6
2495	6
2495	4
3540	3
1909	3
1909	14
1909	5
1909	8
2549	3
2549	1
2549	5
2549	6
2549	8
2549	11
1663	3
1663	2
1663	1
1663	5
1663	7
1991	5
1991	6
1991	7
1991	10
839	3
1091	3
1091	5
1091	15
1091	8
1091	7
1091	13
1091	10
2417	2
2559	3
193	2
193	15
3180	5
3180	15
3180	12
3180	10
3180	11
2473	9
2473	4
2485	3
1778	3
1778	7
1926	2
1926	10
3401	3
3401	1
3401	5
3401	6
3401	15
3401	8
3401	13
3401	12
3191	9
3191	4
3191	7
3191	10
3191	11
2987	1
2987	5
2987	6
3185	3
3185	2
3185	5
3185	12
2889	3
3722	12
3722	10
3722	11
446	5
446	6
446	4
446	12
446	10
446	11
4310	3
4310	9
869	5
869	4
855	5
855	4
855	10
1411	3
1411	2
1411	5
1411	11
4162	3
4162	9
4162	1
4162	6
312	9
312	2
416	1
416	5
416	6
416	7
2480	5
2480	7
2480	11
4298	3
4298	9
4298	6
4298	4
2547	5
2547	4
1052	5
1052	6
1052	15
1052	7
111	3
2169	5
2169	6
2169	15
2169	7
2169	12
1020	2
1023	3
526	3
526	5
2833	2
2833	15
2833	12
2833	10
2833	11
17	14
3048	2
3048	6
3048	7
3048	13
3048	17
3048	10
1284	6
1284	4
1284	7
1284	10
1284	11
2807	3
2807	6
2807	7
4087	2
4087	1
4087	6
3612	7
3612	13
31	3
31	1
31	5
31	6
31	15
31	8
31	13
31	12
31	10
935	3
935	1
935	5
935	6
935	15
935	8
935	13
935	12
935	10
3788	3
3788	9
3788	12
3788	10
2348	4
2348	10
4329	14
2532	1
2532	4
2532	10
4188	2
4188	5
4188	6
4188	4
3561	3
3561	2
3561	5
3561	6
3561	4
3561	7
3561	12
3561	11
2520	3
2520	2
2520	5
2520	6
3584	3
3584	2
3584	5
3584	6
3149	3
3149	5
3149	6
3149	15
3149	8
3149	7
3149	13
3149	10
3054	3
3054	1
2515	3
2515	4
2515	10
2023	3
2023	4
2023	7
2023	13
558	1
558	6
558	4
1500	3
1500	6
260	3
260	5
260	4
3719	5
3719	6
3719	4
3719	10
3443	3
3443	17
2794	8
2794	12
3210	1
3210	6
2141	3
2141	2
2141	5
2141	4
2141	7
2141	13
2141	12
2141	11
4442	2
4442	6
4442	11
1789	7
313	9
313	4
313	10
3304	7
3304	13
125	3
4413	9
4413	6
4413	4
4300	6
4300	4
4300	7
4300	13
4300	12
4300	10
4300	11
117	9
1594	9
1589	9
2075	9
2325	3
2325	9
2325	5
1433	9
1901	2
1901	1
1901	11
3944	5
3011	3
3011	1
3011	15
3011	13
1247	9
1247	4
1247	13
3805	6
2597	4
2702	3
2702	5
2702	8
2702	7
2702	13
2319	9
2319	4
2319	13
3725	6
3725	13
3725	12
3725	11
791	3
791	5
791	8
791	13
791	11
3000	11
1014	2
1014	4
1014	10
4210	3
4210	5
4210	6
4014	14
4014	5
4014	6
4014	7
4014	11
4015	3
4015	4
723	3
2517	3
3095	10
2917	10
3571	2
1942	3
1942	2
1942	5
1942	8
1942	7
41	3
41	5
41	4
4289	3
4289	5
1821	1
1821	6
3295	3
3295	9
4036	3
830	5
830	6
3426	14
2251	5
2251	6
2251	4
2338	3
2338	2
2338	5
2338	7
2497	4
2497	13
3351	2
3351	10
4317	5
4317	4
4317	7
2005	5
2005	4
2005	7
2534	2
2534	15
2534	17
2921	5
2921	13
4288	5
4288	13
3167	4
4233	2
4233	15
4233	4
4233	12
1256	1
1362	3
796	3
796	5
796	8
796	12
2825	5
2825	13
3839	3
3839	2
3839	5
3839	4
3839	7
3839	13
3839	12
3839	11
889	1
889	6
715	3
715	2
715	1
2470	15
2470	4
1803	3
1803	1
1803	14
1803	5
1803	6
1803	7
1644	2
559	2
559	15
811	5
811	4
811	7
811	10
4421	5
4421	4
1122	3
1122	5
2341	5
2341	6
2341	7
3375	3
3375	6
3375	15
3375	8
3375	7
3375	13
640	3
640	9
218	3
218	2
2892	3
2892	15
2850	6
2850	4
2583	3
131	3
131	9
131	13
131	12
131	10
131	11
3904	1
441	4
2687	5
2687	6
4249	2
4249	1
4249	15
858	2
858	1
858	15
3183	3
3183	9
1671	3
1671	5
1671	8
1671	10
3330	5
3330	15
3330	4
3330	10
2050	3
2050	5
2050	8
2050	13
2050	12
2050	10
2050	11
4277	3
4277	6
3711	10
2126	3
2126	6
2126	7
2126	13
3874	2
3874	6
3874	15
3874	8
3874	13
3874	12
3874	10
3874	11
4177	3
4177	9
3157	14
3157	10
454	3
454	9
454	12
2869	3
2869	5
2869	6
550	5
550	4
550	10
1297	9
1297	4
3046	3
3555	3
3555	5
3012	3
3012	6
3012	4
821	3
159	3
159	1
880	5
880	4
880	10
4415	2
4415	6
4415	13
3009	3
3009	6
3209	3
3209	2
3209	5
3209	7
3209	13
3209	12
3209	11
1432	3
1432	2
1432	5
1432	4
1432	10
1432	11
251	3
251	2
251	5
1923	9
1923	14
1923	10
3449	3
502	3
502	2
502	8
502	7
502	13
502	12
502	11
1560	3
1560	2
1560	8
1560	13
1560	12
3854	5
1542	1
1542	15
4121	6
4121	15
4121	13
26	6
26	8
26	10
26	11
1655	2
1655	7
573	3
573	2
573	6
573	7
573	10
3518	3
3518	1
3518	14
3518	6
690	3
690	2
690	5
3090	5
3090	6
3090	17
3090	11
689	2
689	1
689	5
689	15
1004	3
1004	14
1004	6
3620	9
3620	4
2252	3
1384	3
944	6
944	15
65	3
46	3
46	11
900	3
1815	3
1815	5
1815	7
633	3
633	2
633	5
633	13
633	12
633	17
633	11
857	3
2625	5
2625	6
1130	2
1130	4
1130	12
1130	10
1130	11
1242	2
1242	4
1242	10
1171	2
1171	6
458	7
1311	3
1311	1
769	3
3784	3
4389	4
4389	13
3158	3
3158	2
3158	7
3158	13
216	3
216	6
216	8
216	12
216	10
216	11
1873	3
1873	9
3466	3
3466	9
1544	3
3816	3
3407	3
3407	9
3407	10
3843	3
3843	2
3843	1
3843	5
3843	6
1785	1
3065	3
3065	5
3065	4
3065	8
3065	12
3065	10
3065	11
3789	6
3870	2
4059	2
4059	5
4059	15
3142	2
307	5
307	6
307	7
307	10
3226	3
3226	2
3226	5
3226	8
3226	7
3226	12
3226	10
3226	11
339	5
339	6
339	7
339	13
4040	3
4040	13
1366	3
1366	6
43	12
3023	3
3023	6
3946	3
3946	9
2836	3
2836	9
2836	5
2836	15
544	3
544	9
3525	8
1570	3
1570	9
1570	2
1570	1
1570	5
1570	15
1570	7
1570	13
268	3
268	5
268	8
3280	6
3280	7
3280	12
3280	10
3280	11
2712	3
2712	5
2712	8
1514	2
1514	5
1514	6
1514	4
145	15
145	8
3141	14
3051	3
3051	4
1622	5
1622	4
1773	2
3252	3
3252	6
49	3
49	2
49	5
49	7
49	12
49	10
49	11
3321	2
3321	5
3321	15
3321	8
3321	13
3321	10
223	5
223	6
2685	14
1737	8
1737	13
1737	12
1737	11
1577	3
1577	2
1577	15
1577	7
1577	10
3118	3
3118	7
757	3
757	9
579	5
2213	3
3609	2
3609	1
3609	11
435	6
435	10
2815	1
2815	14
2076	3
2076	5
3715	2
3715	1
3715	12
1378	11
360	3
360	11
4176	5
4176	12
4176	10
4176	11
1197	1
2122	13
609	5
1073	5
1073	6
1073	4
3130	2
3130	6
3130	10
1804	7
641	2
641	13
641	17
1890	5
1890	4
1890	12
1890	10
1890	11
948	3
948	5
948	11
1220	4
3136	4
3136	13
2918	2
2918	13
3239	2
3239	11
3834	2
3834	1
2274	8
3445	5
3445	6
3918	2
3918	5
3918	12
3918	10
3918	11
2897	3
2897	9
2897	6
2249	3
2249	6
2254	3
226	2
1287	2
1287	15
1287	11
2957	5
2957	6
18	3
18	1
18	15
4154	3
4154	1
4154	6
1185	3
1185	6
4224	3
1748	3
1748	2
1748	5
1748	15
1748	8
1748	13
1802	10
3289	3
3289	5
3289	15
3289	8
3289	7
2560	3
2560	5
2560	15
2560	4
2560	8
2560	7
2560	10
1032	1
1032	6
1032	4
52	2
52	5
52	6
52	8
52	7
52	10
2968	6
2968	4
2968	7
2968	10
1239	3
1239	5
1239	15
1239	8
23	2
23	6
23	7
23	10
4309	1
4309	10
2261	5
4373	15
4373	4
2355	5
2355	6
651	3
3660	2
3660	1
3660	5
3660	6
3660	11
4026	2
4026	5
4026	6
382	3
382	2
2539	14
2539	12
516	6
516	15
516	4
1301	2
1301	5
1301	6
1301	11
1132	3
1132	9
1132	6
4330	3
4330	2
4330	5
1574	1
4333	3
1961	17
1303	3
228	5
228	6
228	4
3176	3
1866	8
1866	13
1866	11
4225	4
4225	7
327	9
327	6
954	2
954	6
3806	3
3806	9
3806	6
2615	2
1591	3
1591	2
1591	6
467	3
467	5
467	15
467	7
4339	3
1460	1
561	3
561	5
561	6
561	10
2266	2
2266	11
318	2
318	7
318	12
694	1
694	6
694	13
694	17
694	11
1908	15
1908	8
1908	13
1908	12
1908	10
1908	11
76	2
76	1
76	15
2852	2
2852	4
1646	5
1646	6
1646	4
1646	11
1770	3
1770	4
1770	8
1770	10
2670	5
2243	2
2989	1
2989	6
2989	7
373	3
373	9
2455	2
2455	1
2455	12
2455	11
1744	3
1744	2
1744	12
1744	10
2290	2
2290	6
2290	7
2460	2
2460	6
2460	8
1694	5
1694	6
1694	7
3032	4
86	3
86	2
86	5
3370	2
3370	5
3370	15
3370	11
2154	1
2154	6
732	5
732	4
3709	2
3709	6
3709	15
3709	7
1612	14
1612	5
1612	10
4392	8
4426	2
4426	6
4426	7
1468	3
1468	11
48	2
1540	2
1540	10
1540	11
753	3
753	1
753	5
753	8
753	7
753	13
4420	3
4420	5
1183	13
1183	17
1183	11
3111	8
3677	3
3063	2
3063	5
1571	2
1571	5
1555	2
1555	1
1555	6
1555	7
3201	3
3201	5
1814	3
1814	2
1814	13
1814	11
2155	1
2155	11
3586	2
3586	1
3586	15
2775	3
2775	11
2645	3
1530	2
1530	4
3776	9
3776	4
3776	10
3327	3
3327	5
3327	4
901	4
2020	1
2020	14
1787	8
1787	13
1787	11
4050	3
2620	3
2620	6
2620	13
3998	3
3998	13
4101	3
4101	1
4101	6
4101	7
3177	3
3177	4
3177	13
2342	2
2342	6
2342	7
2450	9
2450	2
2450	1
2450	6
2450	16
2818	2
2818	1
2818	6
4180	2
4180	1
4180	6
1189	1
2720	14
654	3
654	5
3173	2
3173	6
3173	12
187	2
187	6
2891	14
2891	6
2891	13
2891	17
1291	5
1291	4
1745	3
1745	2
1745	5
1745	8
1745	7
1745	13
1745	12
1745	10
1745	11
2413	3
2413	6
2413	8
2413	7
2413	13
2544	5
1407	5
1407	4
3856	15
3856	8
3856	13
3856	11
2698	3
2698	2
2698	5
5	3
5	9
4183	2
1310	2
4410	5
4410	6
4410	4
4410	12
4410	10
4410	11
2601	3
2601	6
846	3
846	5
846	8
846	11
4086	3
4086	11
59	3
59	5
59	8
59	7
59	13
59	11
4435	5
4435	6
4435	7
3278	2
3278	5
3278	6
3278	8
1035	3
1035	2
1035	5
146	3
146	2
146	6
146	7
146	10
1882	2
1882	6
1882	7
3592	5
3592	6
3592	4
3592	7
169	14
665	2
665	5
665	6
665	13
920	3
920	8
920	13
920	12
920	10
920	11
890	3
890	5
890	8
890	13
890	11
248	2
1131	3
1131	2
1131	6
1953	3
1953	2
1953	5
1953	10
1953	11
364	3
364	5
364	10
2147	3
3958	2
3958	6
3958	7
3958	10
3154	3
3154	9
2630	2
2630	7
850	3
392	13
392	17
1690	2
3270	3
3270	2
3018	5
3018	6
3018	4
3018	10
736	3
4308	2
4308	7
2700	3
2700	5
2048	3
2048	9
2048	6
4079	3
1237	3
2320	3
2320	5
2320	7
2320	13
2320	10
1967	4
2170	3
2170	5
2170	7
1592	5
1592	6
1592	4
1693	5
1693	6
1693	4
851	3
851	5
851	13
3886	3
3886	5
3886	13
3212	3
3212	5
3212	15
3212	8
3212	7
3212	10
867	5
2066	12
2066	10
2066	11
2002	2
2002	5
2002	12
2002	10
1732	2
1732	4
1539	2
1539	1
1539	13
3523	1
3523	6
3109	3
3109	5
3109	4
3262	3
683	3
683	1
683	5
683	4
390	3
390	5
390	6
390	8
390	7
390	13
4387	3
4387	7
3860	9
3860	5
2474	3
2474	2
2474	5
2474	15
2474	8
1268	5
1640	3
1640	7
1170	11
1377	3
1377	1
1377	6
1531	2
1531	10
1531	11
299	7
299	13
2475	2
2475	16
2498	2
2498	1
1758	3
1758	15
269	3
269	2
269	5
269	15
269	8
269	7
269	13
269	11
3578	9
3578	1
3578	6
3578	12
246	2
246	5
246	6
2537	14
2537	5
1918	3
1918	2
1918	14
1918	5
1918	7
1749	3
1749	2
1749	5
1749	15
1749	12
1749	10
1749	11
2323	2
2323	5
3835	1
3835	14
3835	6
3819	4
3819	12
3819	10
3819	11
4359	3
4359	9
3554	2
3554	16
1348	5
1348	6
1348	4
1348	10
2324	5
2324	6
2324	4
2324	10
3458	12
277	5
277	6
277	4
277	10
1376	10
634	5
634	6
418	2
418	6
3745	4
638	2
638	1
638	11
3671	2
3671	7
3671	16
3671	10
3652	14
1719	3
1719	2
1719	5
1719	12
1428	3
1428	6
2572	3
2572	6
1533	2
1533	1
1533	11
157	5
157	4
586	3
586	7
4433	3
4433	5
3962	3
3962	2
3962	5
2463	3
2463	2
2463	5
2463	15
2463	8
2463	7
2463	13
2463	11
354	6
354	10
175	7
175	10
308	5
308	6
974	3
974	5
2637	1
3077	3
1925	6
351	3
351	2
351	5
351	15
351	8
351	7
351	13
430	2
430	1
2888	3
2888	5
2888	15
2888	8
2888	7
2888	13
2883	2
2883	6
2883	11
1070	7
2024	3
1270	3
1385	4
1385	13
582	5
582	13
902	14
3767	5
420	5
2094	3
2368	3
2863	5
2200	5
2200	6
2200	4
2200	13
620	5
620	6
620	13
3629	3
472	3
472	1
472	8
472	7
472	10
2950	1
2950	8
1707	4
1707	12
1707	10
1707	11
346	2
2612	6
2612	7
2612	12
2612	10
2612	11
2730	3
2730	1
3579	2
3579	1
1887	5
1887	7
3237	2
3237	6
3237	13
3580	3
3580	2
3580	1
3580	5
2846	2
2846	5
2846	6
2846	16
1506	3
1506	5
1506	8
1506	7
1506	13
720	2
1972	2
1972	15
2725	2
3285	1
3285	6
1875	2
1875	1
1875	15
1116	2
1116	7
1116	10
3952	4
2357	1
2357	5
4430	3
4430	2
4430	5
1861	1
1861	11
844	3
844	2
844	15
844	7
844	12
844	10
844	11
2817	3
2817	2
2817	14
2817	5
2817	8
2817	13
2072	3
2072	2
2072	5
2072	6
2072	15
2072	8
2072	13
2627	3
2627	2
938	5
938	6
938	4
938	10
3366	1
3366	8
2448	4
2448	13
3826	1
3826	14
1450	1
795	6
795	8
795	13
1204	4
1204	13
3501	3
3501	9
2553	5
2553	6
2553	7
3099	3
3099	4
3636	3
3636	9
3636	10
590	2
3607	3
3607	9
81	3
3453	3
3453	5
3453	10
704	3
704	2
704	7
4205	9
4205	14
4205	10
493	1
2366	3
2366	1
1406	3
1406	9
256	3
256	9
256	1
1510	3
1502	11
3802	3
3802	9
340	3
3480	2
3480	6
3261	1
3261	14
3261	4
3261	8
3261	13
2426	2
2824	3
2824	6
1856	3
1585	3
1585	14
1585	5
2415	3
2415	9
1236	3
1236	7
1236	13
1607	5
1607	4
1607	10
2811	1
2811	4
2811	7
1917	5
334	2
334	5
334	15
334	12
152	3
152	5
3825	1
3825	6
4242	3
2043	3
2043	6
2043	4
3335	2
3585	2
2385	2
2385	6
2385	4
2385	11
1375	2
1375	1
1375	7
1375	13
1850	14
1850	5
3076	3
3076	4
510	2
1674	5
1674	4
1674	10
154	7
916	2
916	7
4251	9
2397	5
2397	6
2397	4
2397	7
2397	13
2397	11
3956	9
3956	5
845	3
845	4
845	8
2442	5
2442	6
2442	4
2442	10
1810	2
1158	2
3807	3
3807	5
1235	5
4137	5
1511	3
1511	2
1511	5
1022	2
1022	12
647	3
2969	5
2969	4
773	5
773	7
204	3
204	5
204	8
2616	3
2616	9
2167	5
2167	6
2167	4
2167	10
2167	11
4057	3
4057	5
4057	4
4057	8
4057	10
2930	2
2930	10
3493	4
2177	2
2177	7
3138	1
3138	4
1727	3
794	2
2619	2
2619	1
2619	16
397	3
397	9
2792	1
2792	14
2724	3
2724	4
3016	14
2504	3
2504	5
2504	6
2504	4
1320	14
1320	6
3334	3
3703	2
3703	15
1712	2
1712	1
1712	6
1712	13
1712	12
1712	10
1932	3
1932	1
1932	5
3159	2
3159	5
3159	6
3159	4
3159	10
2322	5
2322	6
409	3
409	8
409	11
3907	2
3907	1
3907	6
3907	13
406	9
406	5
406	6
406	7
406	13
1305	3
1305	7
295	14
2184	8
2184	12
2184	10
2184	11
2965	3
2965	6
3882	1
3882	11
1261	3
1261	9
1261	6
1261	4
1261	7
4270	9
4270	6
4270	4
4270	13
652	9
652	5
652	6
652	4
652	13
2798	5
2873	3
2873	9
2873	7
2318	1
3939	2
3939	10
4085	2
4085	10
2680	3
2680	2
2680	5
2680	11
3362	5
3362	6
294	2
294	5
294	6
294	7
294	13
2954	11
1404	3
4246	3
4246	9
4246	6
4246	4
3512	5
3512	6
3512	4
523	8
523	13
83	2
83	10
1058	2
1058	10
4097	5
1186	2
1186	10
2408	2
2408	12
2408	10
2408	11
1302	10
343	3
343	6
343	7
2746	3
2746	7
961	3
961	6
961	7
2823	2
2823	10
2503	3
2503	1
2503	4
2503	7
1011	2
2246	14
1714	3
4075	5
1795	15
1795	4
2304	1
2067	10
1277	10
3878	3
3878	9
3878	11
1174	2
1174	6
1174	12
1174	10
1174	11
434	5
3863	11
425	4
1726	4
3657	15
3657	4
2459	3
2708	5
2708	6
2708	4
2708	10
1857	5
1857	6
539	5
539	15
3172	2
3172	4
3172	10
3325	2
3325	4
3325	12
3325	10
3325	11
3851	3
3851	9
1350	3
1350	1
1350	5
1350	4
1416	3
1416	1
1416	5
1416	4
1006	3
1006	12
1129	3
2629	3
835	4
2437	3
2120	2
2120	1
1767	2
1767	5
1767	6
2671	4
2671	7
2671	13
3596	12
3596	10
3596	11
780	5
780	6
780	4
576	3
576	5
576	4
576	8
576	7
576	11
2714	6
2714	4
3236	3
3236	4
3236	13
3235	2
1569	9
1569	6
1569	4
2526	3
3424	7
4343	10
2095	5
2095	6
2095	4
2095	7
806	8
806	13
806	12
806	10
806	11
293	2
293	6
293	10
832	2
1481	15
1481	8
1481	12
1481	10
1481	11
755	3
755	2
755	5
755	8
755	13
755	11
3472	5
3472	15
3827	2
1324	3
3530	9
768	6
768	7
768	10
1429	1
1429	4
1429	7
4213	3
2757	4
2573	2
2573	6
2573	10
1445	15
1445	4
1114	3
1114	9
1549	2
1549	15
990	14
990	10
3909	2
3909	15
3909	7
3909	12
3909	10
3909	11
1839	6
1839	10
1812	6
1604	1
2796	7
1063	4
556	5
556	6
556	4
1934	5
1934	7
3930	3
3930	2
3930	1
3930	6
2735	2
2735	12
2735	10
2735	11
4328	3
4328	1
358	2
2721	2
2721	10
4157	2
4157	7
4157	10
1628	3
1628	1
1628	15
1628	8
1628	7
1628	13
897	3
4412	3
4412	9
3590	10
394	3
394	10
2295	3
2295	2
2295	1
2295	7
2295	13
3492	2
3492	17
3492	10
842	4
1801	3
3795	3
3795	1
155	3
155	4
4115	1
2052	3
2052	9
2052	6
3219	1
3219	7
3219	13
2265	2
2265	5
2265	6
2265	12
2265	10
2265	11
1935	2
1935	1
1935	6
1935	11
728	2
728	5
728	6
728	4
728	10
728	11
3887	1
3887	11
3417	3
3417	9
3417	4
3773	3
3773	1
3773	15
3773	4
1156	13
1156	12
1156	17
2924	3
2924	2
89	1
89	4
89	13
3267	5
3267	4
3267	7
3267	10
3970	3
3970	4
3331	3
3331	1
2762	2
2762	1
2762	6
417	3
3916	9
2820	12
2820	10
2820	11
3182	9
2838	3
2838	2
2838	1
2838	6
410	2
774	3
774	1
402	3
402	8
3760	14
751	5
751	6
751	13
3123	3
3123	1
3123	5
3123	8
3123	7
2206	14
1118	14
3739	2
3739	11
489	5
4055	2
4055	1
4055	13
4055	17
4055	10
14	1
407	3
3357	3
824	2
824	1
3600	4
1019	3
1019	1
819	2
819	6
2311	14
3253	3
3253	5
4072	3
2153	3
2153	1
2153	6
2425	5
3996	14
1109	9
1109	12
1109	10
1169	7
1169	13
1169	12
1169	10
1169	11
1252	2
1252	10
614	2
4245	6
4245	11
1138	4
1138	11
698	1
448	1
448	14
448	5
448	6
448	4
448	10
2469	2
2469	5
2469	4
2469	10
854	2
854	5
854	6
854	4
854	10
2948	1
3415	5
3415	12
3415	10
3415	11
3442	2
3442	6
3442	4
3442	12
3442	10
3442	11
3902	2
3902	10
2204	5
2204	6
2204	4
2204	10
1354	5
1354	6
1354	7
1354	10
3470	3
3470	9
3470	15
3088	2
3088	15
2618	6
174	3
174	6
174	4
2631	5
2631	6
2631	4
2631	10
939	5
939	6
939	15
939	4
939	10
32	2
32	15
3406	3
3406	9
3406	15
3625	3
708	1
708	13
770	2
770	7
770	10
1819	5
1819	6
1819	4
1819	10
580	3
580	9
580	5
3925	1
3925	5
3925	6
3422	3
3422	2
3422	1
3422	13
3413	1
1200	2
2242	2
3941	4
3400	2
3400	1
3400	15
3400	10
1164	5
2529	14
2529	5
2843	15
2843	8
2843	13
2843	12
2843	10
2843	11
2703	2
2703	1
2703	7
2703	13
2703	11
4158	1
4158	6
4158	13
374	2
374	1
374	11
4409	1
4409	6
4409	7
2386	3
3465	2
3465	10
3465	11
2571	14
3685	14
1766	1
1766	6
3460	1
4193	1
2530	1
2530	6
3014	4
3014	8
3972	7
1353	5
3388	2
992	3
992	2
992	5
992	8
631	15
631	4
631	8
631	10
235	4
235	11
3026	2
784	7
784	10
3778	5
3778	6
3778	4
3778	8
3778	7
1662	4
3547	3
3547	2
3547	5
3547	6
2191	9
2191	5
980	9
1643	3
1643	9
1643	10
3665	3
3665	1
3665	6
3665	8
2536	3
2536	2
2536	5
4003	3
4003	9
11	3
11	5
11	8
2372	12
2372	10
2372	11
1634	3
1634	2
1634	6
1634	7
3456	3
3456	7
583	3
583	2
583	1
583	11
1232	3
1232	2
4375	2
4375	12
4375	10
4375	11
2422	2
2422	6
2422	12
2991	5
2991	6
2991	4
3195	2
3195	5
3195	11
106	15
106	8
106	7
106	13
106	12
106	10
106	11
3849	8
3849	13
1578	1
1134	3
1134	9
1030	17
1030	10
2107	1
64	3
64	2
2432	3
2719	4
2719	7
3152	5
3152	4
3754	4
3754	10
1315	5
1315	4
3663	4
519	5
519	4
3974	12
3974	10
3974	11
1352	5
1352	4
2224	3
2224	1
2224	5
2224	15
2224	4
2603	8
2603	7
2603	13
2603	10
3336	5
3336	6
3336	4
2868	1
1319	4
1319	10
3103	3
3103	7
2150	4
2916	5
2916	4
1656	2
1051	7
1896	3
1896	6
1896	4
3047	3
3047	1
866	1
866	4
3615	4
112	3
186	4
186	7
3488	3
3488	9
2900	2
1867	3
1867	1
225	5
225	6
225	4
3951	2
3951	1
2476	5
2476	6
2476	11
4175	2
4175	6
4175	11
3394	1
3303	3
864	3
3412	3
3412	2
298	6
298	4
298	10
1957	6
1957	4
1957	10
3503	1
3503	13
3291	1
1525	4
4239	2
3040	7
2337	9
2337	2
2822	5
2822	6
2822	4
2822	10
4192	4
2161	3
3990	7
3042	10
515	10
3582	5
3582	6
3582	4
3165	6
1181	3
1181	5
1181	8
1099	1
1099	7
66	2
66	10
2755	3
2755	6
2755	4
2755	7
3921	3
1792	3
199	3
199	7
2614	3
3001	3
3001	6
3001	7
3203	14
936	12
284	4
3727	3
1226	12
2328	1
241	3
2018	1
4022	5
4022	6
4022	15
4082	5
4082	12
4082	10
4082	11
765	7
765	13
1637	2
3355	4
3355	10
3583	5
3583	4
648	4
2535	3
2535	9
3601	4
2586	4
1759	3
1759	4
1759	7
1759	13
2159	2
2159	10
1572	3
1572	2
1572	1
1572	5
1572	6
1572	4
1572	10
2676	2
2676	1
2676	5
2676	15
2676	13
2676	17
2676	10
2676	11
20	2
20	1
20	4
1427	2
1427	1
1427	6
1427	4
1427	11
3010	2
3010	5
3010	6
3269	14
2877	14
4320	14
886	2
886	5
886	6
2037	2
2037	5
2037	6
2016	2
2016	5
2016	6
3192	1
242	2
242	6
2604	1
2604	14
273	3
273	5
273	10
2049	5
2049	6
2049	4
4265	3
4265	14
4265	6
4265	7
969	14
2445	1
2445	5
3879	3
3879	14
3879	6
3879	7
2523	1
3947	2
3947	6
179	2
179	6
947	4
3559	4
1880	4
3516	4
696	2
2004	10
596	3
596	2
596	1
596	5
113	1
113	15
113	7
584	14
3022	14
3444	14
3638	14
3638	6
1820	14
914	14
411	14
4287	14
3494	14
2148	14
1919	14
1919	7
3567	1
3567	14
2681	14
3858	14
2273	14
2273	6
3992	14
3992	6
1526	14
2994	14
4353	14
3646	14
829	14
829	13
1782	14
3989	1
3989	5
3989	10
282	3
1168	3
1168	2
1168	5
1255	2
1255	5
1255	15
587	14
4279	14
1962	3
1962	2
1962	5
1962	15
1962	8
1962	13
1962	11
2414	14
1952	14
1952	10
3538	9
3538	14
3538	10
3748	14
3748	10
396	14
396	10
371	14
371	10
2042	14
2042	10
2185	14
2371	14
3830	2
438	14
2944	14
2944	5
2944	4
2804	14
4164	5
4164	6
4164	10
3534	6
3534	10
2576	5
2576	6
2576	4
2576	10
3713	6
3713	4
3713	10
853	5
853	6
853	4
853	10
1508	5
1508	6
1508	4
1508	10
735	6
735	4
735	10
589	2
3614	14
1208	14
244	1
244	12
2756	14
2179	14
2396	14
2396	6
3311	14
3311	6
2353	14
1409	14
137	14
185	14
185	6
4337	14
4337	6
3593	14
3593	6
4294	14
2376	14
2237	2
2237	5
2237	4
1986	2
1986	5
1986	4
1541	1
1541	6
54	2
54	5
54	12
54	10
54	11
2135	3
2135	2
2743	1
290	3
290	2
290	1
3225	14
567	2
3242	3
3242	1
3242	5
3242	15
2875	2
2875	17
2875	10
3569	6
3569	12
3569	11
1240	3
1240	9
4244	5
3519	6
3519	8
3519	13
3371	2
3371	1
3371	12
3371	11
812	3
812	2
812	6
2731	1
2731	15
3343	1
859	14
2021	2
2021	5
2021	4
541	2
4091	2
3244	3
3244	9
3244	1
3244	6
1670	3
1670	1
767	1
767	6
767	7
1050	1
3741	3
3741	1
915	5
915	4
3758	2
3758	10
1565	2
1565	1
1565	5
1565	13
4096	2
4096	5
680	2
680	1
3027	1
3027	6
3027	8
1217	3
1217	2
1217	1
1217	6
1217	7
1217	13
1217	11
4196	1
622	3
622	2
622	1
622	6
622	10
4380	2
4380	1
4380	6
3764	3
3764	1
3764	6
3764	15
3764	4
2646	3
2646	1
2646	6
2646	7
941	3
941	1
865	2
865	5
865	4
2423	14
1367	2
1367	6
3229	2
3229	6
2933	15
2933	8
2933	11
2902	2
2902	1
2902	7
2902	10
4199	3
4199	10
3738	6
3738	8
3738	13
2821	5
2821	4
4051	2
4250	4
4250	7
4250	10
2554	5
2554	4
1501	3
1501	2
1501	8
1501	12
1501	10
1501	11
3659	5
3659	6
3659	4
3659	13
3520	9
3520	4
4347	1
4347	15
3801	2
3801	1
4113	5
4113	6
4113	4
2745	2
2745	6
2745	7
2745	12
2745	10
2745	11
3114	5
3114	6
3434	2
3434	17
3434	10
1202	2
1202	5
1202	11
4440	2
4440	1
4440	5
4440	13
2709	2
2709	5
2709	10
1422	2
1422	1
1422	5
311	5
311	4
110	4
3420	5
3420	4
1166	3
1166	2
1166	14
1166	6
1166	8
1166	12
1166	10
2198	3
2198	1
2198	8
2198	7
1420	2
1420	6
1420	10
1420	11
1105	2
3153	2
2092	3
2092	2
2092	5
2092	6
738	2
738	4
4189	6
4189	11
3481	1
3481	6
995	5
2672	3
2672	2
2672	5
2672	8
2672	12
2672	10
2672	11
2082	3
2082	2
2082	1
2082	5
2082	6
2082	4
2082	7
2082	13
2082	12
2082	10
3404	2
2429	2
3859	2
2201	9
2201	2
2201	5
2201	4
2201	7
2201	13
2201	17
2201	10
2114	9
2114	5
888	1
888	5
888	4
3115	14
3115	5
3115	4
3115	13
2336	2
1214	3
1214	2
1214	5
1390	1
1390	4
2696	2
2696	1
2949	3
917	2
3323	3
3323	1
3323	6
814	3
814	4
814	13
814	12
814	11
862	3
2914	3
2914	4
2914	11
353	5
135	3
135	2
776	3
776	4
403	6
403	15
403	8
2054	10
3193	3
3193	1
3193	15
2915	1
2915	14
2299	1
2299	14
2299	5
2365	5
2365	6
2365	10
2748	2
9	2
3462	5
3462	6
3462	7
847	7
1493	3
1493	1
1493	5
1493	12
4061	15
4061	4
3682	8
3682	13
3682	12
3682	11
2487	3
2487	6
752	1
752	6
2951	2
2951	6
2951	10
3628	2
933	2
1489	2
1489	1
1489	5
1262	7
1262	10
1262	11
3272	3
3272	9
848	2
848	6
2726	2
2726	6
3293	4
3293	10
1865	2
1865	6
1865	10
1931	3
1931	2
1931	14
1931	6
1931	8
2163	3
2163	15
2764	10
3650	10
1076	6
1076	4
3031	3
3031	5
4062	3
4062	2
4062	5
4062	8
4062	10
1654	2
1654	10
2909	1
2909	8
2909	11
4391	3
4391	4
4391	8
3217	6
3217	4
2713	2
2713	10
2451	5
2575	1
2575	6
2575	7
4303	2
2331	1
2331	14
2331	5
1529	3
1529	5
1529	4
1529	8
1746	3
1746	1
1746	6
1746	7
1746	13
1746	11
1157	9
1157	1
1157	6
1157	15
1157	11
1964	2
1964	6
4117	3
4117	5
911	3
911	5
2124	3
2124	5
2124	6
1595	3
1595	5
2878	5
2878	6
2878	4
2878	12
2878	10
2878	11
1924	2
1924	6
3378	6
3378	8
3378	13
3378	10
3378	11
3393	14
99	14
70	5
70	4
70	10
2691	3
2691	9
160	3
160	1
160	15
4379	2
280	2
2710	14
2710	6
2362	3
2362	2
2362	6
2196	3
2196	5
4368	3
4368	2
4368	1
4368	14
4368	6
4368	7
4368	10
952	13
952	10
3573	2
3573	6
1698	2
826	2
826	6
826	7
1976	3
4393	1
4393	6
565	3
565	15
565	7
565	12
16	5
16	4
3514	2
3514	6
3514	4
3514	12
3514	10
3514	11
2407	4
2407	12
2407	10
2407	11
1033	5
1033	4
1868	4
1868	12
1868	10
1868	11
3	4
1002	5
1002	4
713	4
713	12
713	11
2158	5
2158	4
2740	4
1697	5
1697	4
759	4
1071	9
1071	1
1359	2
1359	15
1359	7
2993	2
2993	1
2993	8
2993	7
2993	12
97	6
97	4
97	11
1956	2
1956	10
2453	5
2453	4
2268	5
2268	4
1505	5
1505	4
4123	15
4123	8
4123	13
4123	12
4235	3
4235	6
4235	4
4235	13
3305	2
3305	10
2874	5
2874	4
140	5
140	6
140	4
140	7
140	10
3716	5
3716	4
3716	10
1094	5
1094	6
1094	4
1094	7
1094	10
3075	5
3075	4
1413	5
1413	6
1413	15
1413	4
1413	7
2229	5
2229	4
335	5
335	4
3170	5
3170	4
2699	5
2699	4
1093	5
1093	4
1415	5
1415	4
518	2
518	6
2980	4
2980	10
2587	4
2272	3
2272	14
2272	6
492	3
492	14
3399	3
3399	4
3399	13
3399	12
3399	17
2512	15
2512	8
2512	10
512	5
512	4
512	13
772	5
772	4
772	7
772	13
772	10
4017	12
4017	10
2899	10
1271	5
1271	4
3950	5
3950	6
3950	4
333	5
333	4
4069	5
4069	4
1196	5
1196	4
1090	2
77	2
3455	4
3455	12
3455	10
3455	11
684	2
684	5
684	4
697	2
697	5
697	10
2346	2
2346	10
2346	11
219	4
896	5
3623	6
3623	15
3623	8
3623	10
3623	11
1368	5
1368	15
1368	4
1368	7
1368	10
4039	3
4039	9
4039	5
4039	6
4039	4
3893	2
3893	6
212	2
212	6
212	7
212	13
212	10
359	2
2626	2
2626	10
2626	11
2741	1
2741	6
3126	5
3126	4
597	2
597	7
597	10
1695	2
1695	7
1695	10
2306	5
2306	6
2306	4
2306	10
838	3
838	2
838	5
414	3
414	5
2090	14
979	3
979	5
979	7
955	1
955	14
3079	9
3079	4
3102	4
3102	10
2674	5
2674	6
2674	4
2674	10
2352	3
2352	2
2352	5
4278	5
4278	4
1469	4
4281	5
4281	4
3306	2
3306	10
2881	4
628	4
4064	14
4064	10
991	9
991	1
172	3
172	1
722	2
722	1
722	7
722	13
1175	5
4169	5
4169	4
4169	10
3298	9
3298	5
3298	4
4236	5
4236	4
73	5
73	4
1559	3
1559	2
1559	5
1559	4
1559	10
1559	11
3110	12
3110	10
3110	11
3155	8
3155	13
3155	12
3155	10
3155	11
525	1
525	13
3450	4
4033	4
3796	13
4414	4
1216	3
1216	1
1216	8
2006	8
12	8
1829	3
1829	1
2136	1
2136	15
3749	2
3749	5
3749	6
3749	4
3749	10
4295	2
4295	15
1554	4
1554	11
1452	17
2061	5
2061	15
2061	8
3069	2
3069	5
3069	15
3069	8
243	1
3067	3
329	4
840	4
840	13
4418	6
4418	4
4418	10
4399	4
2145	8
2145	7
2145	13
2145	11
3043	5
3043	4
2115	3
2115	4
2115	8
2115	10
1922	4
1922	10
674	5
674	4
4058	3
4058	5
700	5
700	4
2640	3
2640	11
1371	3
1371	15
1371	13
404	3
404	11
2912	4
2912	7
2912	13
2044	3
2044	4
2044	7
1668	10
2011	5
4218	5
4218	4
4218	10
594	4
594	7
594	10
2552	15
2552	8
2552	12
2552	10
2552	11
2267	2
2267	6
2267	15
2267	4
305	5
305	15
305	4
461	15
461	4
1144	3
1144	1
4098	3
4098	2
4098	1
4098	6
1566	2
1566	5
2594	5
2594	4
2594	7
2594	13
1327	2
1327	6
1327	8
1327	7
1327	10
1327	11
977	9
977	4
977	11
35	1
35	6
984	2
984	6
984	13
984	17
984	10
3214	3
3214	9
1343	5
1343	6
1343	4
1343	10
4216	15
4216	8
1016	3
1016	1
1016	8
1016	7
2679	5
2679	4
1342	4
1342	11
1269	2
3915	2
3915	15
2744	3
2744	1
2744	5
2493	4
2493	8
2493	12
2493	10
2493	11
2556	3
2556	9
1040	2
1040	5
1040	6
250	4
250	12
250	10
250	11
928	2
928	1
928	5
907	1
437	14
1596	5
1596	6
1596	4
1596	10
1596	11
3276	3
3276	1
3276	4
3457	3
3457	1
3457	8
3457	11
2986	3
2986	1
2986	6
3249	3
3249	2
3249	5
3249	8
3249	7
3249	12
3249	11
2839	3
2839	1
2839	15
2839	7
2839	13
2839	10
1162	15
1162	4
1162	12
1162	10
1162	11
2827	14
2827	5
2827	11
3254	3
3254	1
3254	6
2905	3
2905	1
2905	6
1800	3
1800	9
1800	1
2931	15
2931	8
2931	10
2931	11
4020	15
4020	8
4020	12
2028	1
2028	6
532	6
532	7
2628	3
2628	2
2628	7
2628	13
2628	10
2628	11
2814	7
2814	13
2814	10
2782	3
2782	7
3313	4
3313	13
4202	3
4202	1
3688	2
3688	6
3688	7
3688	13
3688	17
2009	14
2009	5
664	14
664	5
1455	3
1417	2
1417	1
56	2
56	1
1754	3
1754	1
1826	1
1826	7
2638	3
2638	9
2638	15
1360	3
1360	9
1360	15
1843	2
1843	1
1843	4
1843	7
1843	13
1843	12
1843	11
4221	7
3529	5
3529	4
3529	8
3529	13
3161	5
3161	6
3161	7
3161	17
3161	10
3532	2
348	10
2036	4
2036	10
709	4
2934	3
2934	5
3146	3
3146	2
3146	5
3146	4
2235	14
3672	1
3672	6
3672	7
2609	3
2654	3
2654	7
3981	14
3061	10
369	3
369	5
1940	2
1940	5
1940	10
494	3
3389	3
258	5
3028	9
3028	1
3028	14
1465	14
4356	3
4356	9
3968	5
3968	13
1075	3
148	2
148	5
148	4
1774	12
1774	10
1774	11
2579	3
2579	5
2579	10
497	3
497	9
1590	3
1049	7
1049	13
1049	10
1049	11
1587	3
3852	5
3852	6
3852	4
3617	4
3617	7
3617	13
799	1
799	14
799	5
2908	4
2908	7
2105	3
2105	9
120	3
120	6
120	4
1599	2
2569	2
2569	11
958	3
958	1
958	6
4267	2
4267	8
4267	13
4267	12
4267	17
4267	10
3319	8
3319	7
3319	10
506	3
506	6
506	4
506	8
506	13
506	10
377	10
167	1
234	5
234	6
234	4
1097	1
1097	6
1097	7
2617	4
2617	10
2032	3
2032	9
2032	10
2032	11
283	13
279	1
279	5
2078	1
1603	4
149	1
149	14
149	6
2693	1
2693	14
2693	6
1780	14
2688	10
1658	10
2789	10
1108	10
1977	10
2102	6
2102	7
2102	12
2102	10
2102	11
2471	5
2471	11
3268	5
3268	6
3268	15
3268	7
419	2
419	1
419	5
419	12
419	10
419	11
2108	1
2108	6
184	3
29	5
29	6
29	4
29	10
3461	3
3461	1
4280	3
4280	9
4280	7
1254	5
2226	1
240	3
240	1
240	5
240	6
240	4
240	12
951	2
943	1
1351	1
1351	6
1351	8
1351	12
1351	10
79	2
3098	1
3098	14
4152	3
4152	5
2378	2
2378	1
2378	6
2378	10
803	3
803	1
803	5
803	4
803	7
803	13
4234	2
4234	6
3632	6
3632	4
3632	10
3035	14
3035	6
3035	13
4100	2
4100	7
4100	10
378	5
378	4
367	1
336	1
336	13
3836	1
727	3
727	1
727	15
60	3
60	9
2056	8
2056	13
1219	1
1219	7
1219	11
3284	1
3284	6
2276	6
2276	8
2276	7
2276	13
2276	10
2276	11
1151	1
1151	6
1151	13
3943	12
3943	10
3943	11
3605	14
3938	3
3938	11
2164	10
940	1
1412	14
2298	14
611	1
611	15
611	13
611	17
2101	1
2101	5
3833	5
2492	9
2492	5
2492	6
2492	4
2492	13
3498	9
3498	4
3498	13
3382	9
3382	4
3382	13
2776	9
2776	5
2776	6
2776	4
2776	13
3495	6
3495	11
4283	5
4283	11
1439	3
1439	12
1439	10
1439	11
4344	12
4344	10
4344	11
207	12
207	10
207	11
471	3
471	6
471	15
471	12
471	10
471	11
1344	15
1344	12
1344	10
1344	11
2140	13
2140	12
2140	17
2140	10
2140	11
4226	3
4226	15
4226	12
4226	10
4226	11
1485	3
1485	5
1485	12
1485	10
1485	11
496	12
496	10
496	11
3504	3
3504	1
3504	12
3504	10
3504	11
3522	13
3522	17
459	3
459	4
459	13
459	17
459	11
4139	3
4139	4
4139	7
1871	3
1871	7
1199	5
1199	6
1199	13
2033	14
965	14
3797	14
3797	6
1990	14
2441	14
3222	3
3222	1
3222	6
3222	10
1689	3
1689	1
1689	6
1689	10
301	2
3814	2
625	2
625	5
625	6
625	15
625	13
3664	2
3664	1
3664	6
1842	2
1842	1
623	1
623	6
3349	1
3349	5
3349	6
3349	7
3349	12
1933	3
1933	7
3954	1
3954	15
3954	13
3954	17
449	1
449	15
449	13
449	17
316	2
316	1
316	15
316	13
316	17
315	4
315	13
3337	4
3337	13
2860	14
1333	2
1333	5
1813	2
1958	1
1958	15
1958	13
3080	2
3080	13
3080	17
2247	2
2247	6
2247	11
644	2
57	3
57	1
2314	2
2314	1
2314	6
800	2
3832	1
3832	13
3832	12
3832	17
3832	11
3730	9
3730	5
3730	4
3730	13
2326	14
989	14
1370	2
1370	10
2392	2
2392	5
2392	10
3880	3
3880	7
1055	5
1055	6
1055	4
1055	10
1055	11
1613	3
1613	10
3030	5
3030	6
2100	4
3822	5
3822	4
3822	13
3271	5
3271	4
3271	10
3728	3
3728	5
132	8
132	13
2784	14
2784	6
1295	5
1295	6
1295	4
1295	10
238	3
238	9
238	10
2496	3
2496	5
2496	12
2496	10
2496	11
1667	6
1667	15
1005	3
1005	9
1005	5
1005	6
1005	4
1005	10
3864	5
3864	4
1419	3
1419	5
1419	4
1419	8
1837	9
4302	9
4302	4
3464	5
3464	15
3464	7
3464	13
331	5
331	15
331	10
376	5
376	10
2412	2
2412	5
2412	4
2412	11
2156	10
2156	11
613	8
2199	1
2199	6
2199	15
2199	13
3765	3
4437	1
4437	6
2697	3
2697	5
36	3
36	5
483	3
483	5
4132	3
4132	5
3317	6
3317	10
3317	11
1141	3
2291	3
2291	6
2291	4
180	10
2941	3
2484	5
2484	6
2484	4
2484	10
1930	6
1391	5
1391	4
2844	3
2729	1
2351	3
2351	5
3963	6
3963	4
3549	5
3549	4
3071	4
3071	13
1233	5
1233	4
2017	2
2017	5
2017	12
2017	10
1474	11
1128	3
124	14
1862	2
1862	10
712	3
712	9
1038	4
1038	10
3419	4
3419	13
4401	3
1078	9
1078	4
2187	14
3188	3
3188	9
3342	5
4434	5
4434	6
2858	1
2858	6
2046	5
2046	15
2046	4
2046	8
2958	14
3840	2
3840	14
4282	4
4282	13
3815	5
2069	3
2069	2
2069	5
2069	8
2069	13
84	5
84	6
84	13
84	12
84	17
740	13
740	12
740	17
508	1
508	13
3234	1
3234	14
3234	5
3234	6
3019	3
1831	5
1831	6
1831	4
2593	9
2593	5
2593	6
2593	7
2593	10
4358	4
4358	11
3626	3
3626	5
2716	13
1137	9
1137	5
3933	4
3933	13
2393	5
2393	4
2580	3
2580	9
2580	6
2580	10
2359	1
971	2
971	4
971	10
3889	6
3889	11
4012	2
4012	1
4012	12
1080	3
1080	6
1080	4
1080	13
4366	3
4366	5
3377	5
2065	8
2065	7
2898	3
2898	5
2898	6
2898	4
2898	10
2197	5
2197	4
2197	10
464	1
3528	3
3528	9
3528	1
3528	6
737	3
737	4
737	8
737	10
3436	2
3436	1
3436	6
3436	15
3436	8
3436	10
4217	6
4217	15
4217	8
4217	10
1834	3
1834	4
1454	3
1582	3
3608	3
754	3
2477	4
3360	14
3360	5
3774	1
3774	4
1267	15
1267	8
1267	13
2886	3
2886	6
2886	4
1911	4
1911	7
876	1
876	13
876	11
1959	5
1959	4
1061	2
3228	1
3228	5
3228	10
3993	14
1206	14
3020	11
3897	2
3897	1
3785	14
2926	14
444	3
208	3
2283	3
2283	15
2283	8
2283	12
2283	10
2283	11
4390	3
4390	5
4390	15
38	6
3696	3
4361	3
4361	7
1886	1
95	1
95	5
95	6
95	7
4090	3
4405	3
4405	5
1888	3
1888	9
1888	10
302	2
302	1
1225	1
2183	14
3105	14
30	14
30	6
3387	4
2856	10
151	2
607	3
607	9
607	10
1330	3
1330	9
2901	5
2901	10
3368	5
3368	10
2387	4
2387	7
2387	13
2574	2
2574	1
2574	6
2461	14
1436	14
1916	14
1883	3
1883	4
1994	3
165	4
165	13
28	3
28	11
3058	3
1498	7
4130	2
4130	6
3948	3
3948	7
182	5
182	10
2172	1
2172	6
4346	3
4346	15
214	3
3208	11
51	3
211	2
211	4
211	10
3482	2
3482	6
3777	5
4378	13
4378	17
4378	10
3508	4
3508	10
139	4
139	7
1389	3
2513	4
2790	3
2790	6
2606	3
2606	6
2606	4
2606	10
3199	13
3733	2
3733	8
3733	11
1476	5
2340	10
484	2
484	10
1077	3
1077	1
3762	4
4	3
4	6
4	4
2499	9
2499	15
2499	4
3800	4
3800	10
272	6
272	4
272	13
272	12
272	10
272	11
3577	6
3577	4
3577	10
3577	11
2555	9
2555	5
2555	6
2555	4
1024	9
1024	5
1024	4
363	2
363	5
363	11
4120	3
4120	1
4120	6
4120	13
2465	5
1562	2
1562	12
1562	10
1264	3
1264	9
1264	6
1264	4
101	3
101	9
101	6
101	4
101	10
2416	5
2416	6
1251	7
292	3
292	9
292	5
1331	7
1998	2
1998	1
3817	2
3510	3
3510	5
742	3
742	6
2953	3
2953	9
2953	10
1244	3
1244	4
2706	3
2706	1
2952	14
2952	6
1715	5
578	3
903	4
903	13
2047	4
2047	13
3630	10
2258	2
2258	10
1657	3
1657	12
1657	10
1496	3
1496	9
1496	11
1289	5
1289	6
1405	3
1405	6
4102	14
4102	6
4314	15
4314	4
4314	13
1213	2
1213	1
1213	15
1213	13
1213	17
3322	1
3322	5
3322	15
3322	13
2482	9
2482	4
2222	5
2222	6
2222	7
2592	3
2592	9
2592	10
2564	3
2564	8
2564	10
1860	7
1860	10
3282	5
3282	4
3282	7
3282	13
3694	4
3694	13
2195	2
2195	15
4313	3
4313	4
1752	4
1341	5
1341	6
1341	7
818	3
1461	2
1461	11
554	2
554	1
793	2
793	1
4292	14
3695	3
3695	13
3695	12
3695	10
3695	11
804	5
804	6
804	7
1633	3
1633	5
1633	6
2209	5
2209	6
2209	4
2209	10
3690	4
4325	3
4325	9
2099	7
3448	4
2677	3
2677	9
1008	3
3595	3
3595	5
1203	3
2690	4
2121	3
3734	3
3734	5
3707	10
1730	4
3899	4
1286	4
1286	13
2118	3
337	14
4208	9
566	11
1984	1
1984	6
3223	4
3223	7
4291	2
4291	6
4291	15
4291	10
96	3
96	5
895	3
895	5
2350	3
2350	5
1100	3
1100	5
1100	10
749	3
2073	3
1929	14
2903	13
2903	17
3702	2
1451	3
1451	9
1451	5
852	1
782	3
782	2
782	12
669	3
3345	3
1849	3
1849	5
1849	10
2332	2
2978	2
2978	6
1146	4
1146	13
3517	4
3517	7
1709	5
529	3
4011	3
747	1
1927	1
1518	3
1518	4
3467	4
4037	11
62	2
62	6
62	15
1988	9
1828	9
1828	4
1828	10
4406	4
4406	13
150	3
150	7
2911	3
993	3
2025	14
978	5
3791	14
1467	14
1467	6
1503	14
1503	6
1072	14
2976	2
2976	10
4172	3
4172	1
61	1
61	5
61	6
2879	9
2879	5
1563	7
222	1
47	4
1028	3
1028	4
1028	7
3092	4
2390	4
3398	4
362	4
1910	4
2202	4
1464	4
2694	4
4173	4
2565	4
4206	3
4206	4
69	3
69	4
1313	4
1313	7
659	4
967	3
967	5
967	6
191	3
191	4
1133	3
1133	5
2181	2
2181	7
2665	3
2665	4
2665	8
1047	3
1047	5
3283	3
1121	3
1069	3
1069	9
1056	3
3078	11
602	3
602	5
602	10
3128	3
3128	6
1188	3
1188	9
1188	4
1188	10
870	1
870	13
2803	2
2803	1
2803	12
2632	3
2632	1
2771	2
2771	16
1243	14
4284	14
4095	14
1735	3
1735	9
1735	6
3932	3
603	6
603	4
603	10
1757	3
1757	7
338	8
338	13
930	3
930	5
930	10
4422	1
1661	1
2255	3
2255	5
3175	3
3175	5
3175	10
2733	15
2733	8
138	3
138	9
138	1
138	11
1951	3
1951	5
1951	15
1951	8
3619	2
3619	1
3524	3
3524	5
3524	4
1198	2
1198	1
1198	5
15	2
15	1
2086	3
2086	2
2086	5
2086	7
2086	13
2086	12
959	5
959	6
959	4
959	7
959	13
959	11
1997	2
1997	7
1997	10
3668	10
1543	3
1543	2
1543	7
1543	11
1995	1
1995	11
2722	1
171	2
171	6
498	3
2795	5
2795	4
2795	10
1480	2
2715	3
2715	1
2715	14
443	4
4111	4
4407	3
4407	2
4407	5
4407	4
4407	13
1609	1
1609	7
4126	5
4126	4
1733	3
1733	5
1733	6
1733	10
4094	3
1899	3
1899	10
2070	4
2070	10
1475	11
67	1
1322	3
1322	9
474	14
691	9
691	4
691	13
1724	9
1724	4
1724	13
486	9
486	4
486	13
692	1
692	6
1965	1
1965	6
4078	5
4078	6
3743	5
3743	6
3743	4
1113	3
1113	5
1113	4
3147	14
3509	5
34	4
3966	3
3966	5
3966	10
306	5
306	6
306	7
2611	9
2611	4
3621	9
3621	5
3621	4
3643	9
3643	4
595	1
595	14
595	6
595	7
4271	6
4271	4
4271	7
4271	13
2055	7
3425	4
323	5
323	4
2692	2
2692	11
2847	3
1	3
568	5
1520	3
2773	3
3294	2
3294	6
3294	11
1381	1
109	5
163	7
4385	3
3094	3
3094	7
3094	10
3129	14
1266	11
116	3
878	3
878	5
3050	14
2570	3
2570	5
198	1
198	14
198	6
198	12
198	10
4151	5
1365	14
1365	10
1545	14
1545	10
310	3
310	7
3221	3
1799	3
1799	9
457	3
457	6
320	3
320	5
320	8
320	10
2799	13
783	9
783	5
783	10
547	11
4049	9
4049	1
551	1
3634	4
3634	13
3564	1
3662	9
3662	1
3662	14
4334	4
480	5
480	4
986	3
2622	2
1858	4
1858	7
1858	13
4332	9
4332	4
2509	14
37	3
37	2
2402	9
2402	5
2402	6
103	3
103	9
395	4
1477	4
3002	4
1921	3
3953	1
3953	6
4031	3
4031	8
4031	10
4031	11
555	5
1332	3
2053	7
2053	12
2053	11
3505	4
3505	13
672	3
2519	11
4394	9
4394	1
4394	10
1193	3
3976	1
3976	15
2040	1
2040	6
2040	4
2040	7
972	3
972	9
972	12
982	3
3794	5
3794	7
53	5
53	6
53	7
53	10
3960	9
3960	5
3960	6
2791	3
2791	13
3850	3
3850	9
3850	1
1636	10
2742	3
2742	1
2742	6
3831	3
3831	4
2739	14
1425	14
1471	3
2759	3
2759	9
2759	11
4025	4
4025	10
1573	3
1573	2
1573	6
1573	7
115	4
3706	14
1874	3
1874	9
3824	3
3070	14
3354	3
3354	11
3546	3
3546	10
3978	3
2945	2
2945	5
2945	11
3474	3
2964	3
2964	14
202	4
202	13
4016	1
4016	13
2752	3
2752	14
2752	6
2558	3
2558	8
2558	7
2558	13
1772	4
1772	13
2582	10
4146	5
2087	3
2087	6
2087	4
3513	3
3513	2
3513	1
3277	4
3277	13
4427	13
4427	12
4427	17
1154	4
593	1
593	14
593	6
673	4
673	10
4144	2
1457	3
909	9
909	1
2781	1
227	3
3772	1
3772	4
2723	3
4357	3
4357	1
913	3
913	7
1357	2
2029	5
2029	15
2029	10
3539	5
2783	14
2783	5
3645	9
3645	4
3645	10
810	5
810	13
2007	3
3891	2
2983	9
2983	6
2983	4
3563	3
3563	9
3563	10
3563	11
2639	3
2639	10
2278	4
3515	2
3515	7
3515	12
3515	10
2682	3
2682	6
2682	4
105	1
3452	3
3452	9
2446	3
2446	5
1096	2
2884	3
2884	4
3315	3
1115	3
1115	9
3184	14
4352	4
4352	7
3729	3
3729	1
3729	6
3729	13
646	7
1893	4
1893	10
189	4
189	13
3396	5
3164	14
3479	14
2019	1
2363	12
2308	9
2308	1
2308	10
40	13
40	10
968	4
968	7
968	11
4150	4
3033	9
956	1
956	15
956	8
956	13
1796	14
1796	6
2481	7
1257	1
422	3
3901	5
570	2
570	16
1029	3
1029	13
879	3
879	6
3973	1
2754	3
2754	6
2754	4
3876	3
3876	9
55	3
55	2
55	6
741	3
1987	3
1987	2
1987	5
1987	10
3890	14
543	3
543	9
996	2
2551	5
3977	1
3977	4
39	1
39	14
39	6
3475	5
3475	10
391	3
1673	5
1120	1
3721	10
3562	3
477	3
477	6
477	10
1021	3
1275	5
1275	10
263	3
263	9
263	4
1706	4
2334	3
2334	9
2334	7
3390	1
3390	4
1150	1
1551	4
2634	3
2634	13
2634	11
4363	3
4363	2
4363	7
905	3
905	7
4171	3
4171	8
2636	3
787	14
1009	4
1702	1
1702	6
1739	1
1739	14
1739	8
490	3
490	12
4114	3
4114	8
668	3
668	5
450	3
3003	3
3003	6
3003	4
3003	7
2409	3
3410	11
3459	5
3459	6
3053	3
3049	3
3049	9
3049	5
3049	12
1971	9
1971	1
1340	14
1340	10
2653	12
2653	10
1677	1
2786	3
2786	2
2786	10
2859	3
2859	7
2859	12
2859	11
2436	3
2436	7
2851	4
2982	3
2982	9
2982	6
2885	14
259	3
4048	3
4048	2
863	11
2435	1
2435	4
1201	5
1781	3
1781	9
1781	10
575	6
575	13
575	17
2008	9
2008	4
2008	7
1449	6
1449	4
1449	7
3689	4
3689	13
745	14
4299	3
3704	3
1937	4
3409	3
3409	1
3409	6
1606	3
1606	2
1606	1
1606	15
1606	10
3655	1
3744	3
3744	9
1553	14
1553	10
2806	3
2806	9
843	2
843	11
2925	3
2925	7
3220	15
3220	4
3220	10
3841	3
3841	5
144	3
1944	3
1944	9
1944	6
328	3
3653	5
3653	4
926	14
3687	14
3139	3
3139	10
1884	3
1458	1
1458	7
2382	3
3980	4
3980	11
3782	14
1601	3
1601	6
1126	3
1234	2
3898	1
3898	4
4365	3
2131	3
3469	3
63	5
63	13
1641	3
1641	6
1898	3
1898	9
1898	4
1898	7
2089	3
881	3
2659	3
2659	8
1576	11
2621	1
1949	3
1949	10
872	3
1517	3
1517	5
1517	4
1497	14
3575	14
2103	4
775	5
775	4
1373	3
1373	5
1373	10
3964	14
2001	5
2001	4
1647	3
1647	7
3437	3
3437	4
3437	10
4232	3
4232	5
3144	1
1827	3
1827	5
899	3
899	9
899	5
899	6
3179	3
3179	10
2345	5
2345	15
2345	4
2546	3
2546	5
2546	12
1248	3
1248	5
1248	4
1248	10
3792	2
3792	13
1182	14
3358	3
3358	2
3358	12
4240	14
2728	3
615	3
1153	4
1153	7
13	14
13	6
3190	14
3206	14
1811	14
655	14
1713	2
1980	3
1980	5
1980	10
3008	6
3008	10
548	7
1241	3
2531	3
2842	4
2842	7
1155	4
3490	4
2567	3
2567	9
1067	5
1067	6
161	2
3320	3
3320	4
1704	8
1704	13
1535	3
1535	8
3752	3
3752	1
2330	3
2330	4
2330	7
2330	17
658	6
658	4
123	3
123	5
123	6
123	4
3572	11
1881	4
1881	7
1881	13
3250	5
3250	6
3250	7
4355	3
1110	3
1110	5
1488	4
1945	1
618	3
618	2
618	1
3483	3
3241	3
1495	3
3263	1
3263	7
2015	3
1160	4
520	3
520	11
2383	3
3531	4
3531	7
3531	13
3066	9
147	17
932	3
932	1
932	16
932	11
1519	3
4200	17
3062	3
3062	9
173	3
3471	3
3885	5
3885	4
3292	14
3292	6
3292	10
2605	3
2605	4
2738	3
1688	5
1688	4
1688	13
2347	4
3238	3
3238	5
1276	3
1276	4
2439	7
762	3
762	6
4148	4
4148	7
1523	5
1523	6
1523	7
2339	3
2339	4
2339	7
2339	13
1462	1
1462	12
3793	15
3793	4
4290	4
4290	13
2391	4
657	3
657	5
1435	4
2286	5
677	3
677	5
100	1
4080	1
4080	10
1111	10
2194	5
934	4
934	13
3736	3
261	3
261	4
261	13
261	10
2264	5
1328	4
3431	3
3431	13
1630	13
3910	3
1764	11
545	9
545	4
545	7
545	10
2085	2
3639	5
3639	6
3639	4
3639	10
3639	11
1687	7
2478	3
2478	9
1920	3
1920	10
4374	4
4374	7
2984	2
2984	11
3297	3
3297	5
3297	12
136	3
136	4
1705	3
1705	6
3862	3
3862	4
2112	3
2112	10
3418	2
3418	12
1431	3
1431	2
1431	1
1431	6
1431	13
3877	5
4321	3
4321	9
4321	5
2684	3
2684	5
4345	3
4345	1
4345	6
1296	3
1296	4
230	3
230	7
2906	3
2168	3
2168	1
534	2
534	7
534	10
3433	15
3433	4
380	3
380	4
380	10
217	5
217	6
217	10
4010	2
2058	3
4256	3
4256	1
4256	12
304	3
4186	1
232	5
2113	10
695	3
695	14
695	6
2711	3
2711	8
2711	7
2689	3
2689	6
706	3
706	5
3178	3
3168	3
3168	9
424	9
3804	9
3804	4
2489	14
2780	3
2780	5
1205	3
1205	4
882	5
882	4
2749	3
2749	5
3927	3
3927	9
3927	6
3927	4
341	5
552	3
3381	13
3381	10
2849	1
2849	6
2849	4
3654	5
1499	3
1499	5
1499	10
25	5
3502	3
3502	5
4376	3
4376	5
4376	12
4376	10
2992	3
2992	5
2992	10
3541	5
3541	4
428	5
428	6
4198	4
4198	7
3395	2
3395	1
3395	11
2472	2
2472	1
2472	11
4116	2
635	3
635	2
635	1
3344	3
3344	5
1996	3
1996	9
1996	10
2014	3
2014	6
2014	7
2433	3
2433	2
2433	13
2433	10
2045	1
2045	5
2045	6
3627	8
3627	13
685	3
685	8
3356	1
2109	5
2109	6
4293	3
4293	5
4293	6
4293	4
4293	13
4293	10
1065	3
1065	9
1065	5
1065	6
1065	10
2939	5
2939	10
2778	10
2778	11
1847	11
270	14
2837	5
3258	14
966	13
2734	2
2734	16
2872	10
4203	5
4203	4
3106	3
3106	9
3106	6
3207	3
1841	7
1915	3
4323	2
4323	5
4323	10
2880	6
2880	12
3084	3
3084	9
3084	6
788	3
2388	3
3121	3
3121	2
3121	1
4350	5
3260	3
3260	6
4104	3
3865	3
3865	6
2444	7
642	14
4029	3
3726	3
3726	6
3726	4
3908	9
3786	5
4019	3
4019	9
4019	10
779	3
779	9
42	7
42	12
3526	3
662	3
662	9
439	1
439	6
3781	5
1878	14
1946	3
3463	10
1179	10
3140	3
2829	5
203	2
203	1
2667	2
2667	5
2434	14
2227	4
2227	8
2227	10
1538	9
1538	6
1538	7
1087	4
4023	4
922	4
922	13
2406	4
1513	4
1513	13
2262	4
2262	13
3107	4
3107	13
3279	5
3279	6
3279	10
4106	4
2380	3
2380	10
1280	10
1280	11
2800	3
1806	3
1806	1
1806	6
1806	13
1728	3
1728	8
1728	7
1728	13
1728	10
963	7
963	10
963	11
666	13
2588	5
2588	6
2421	4
976	10
976	11
7	4
3316	3
3316	4
2361	3
1339	3
598	10
1626	5
1626	4
2955	3
1825	3
1825	5
1825	10
1355	13
608	7
608	13
192	3
3376	3
3376	9
3376	13
3376	12
3376	10
3376	11
1044	3
1044	5
3894	7
1159	7
2464	3
734	4
1624	4
1624	7
1037	4
3613	3
3613	5
3613	10
2219	3
2219	4
2942	3
2967	4
2967	13
3083	4
3083	8
750	3
750	2
750	8
750	12
626	4
626	13
3844	3
3844	2
3844	5
3581	3
574	3
4009	4
4009	13
1700	4
1700	7
3134	5
1229	3
1229	9
2737	2
2737	7
330	3
330	7
330	13
4083	3
2857	3
2857	1
1793	5
1793	4
8	5
1039	8
918	4
985	3
985	5
985	10
3971	3
3971	9
1699	2
4194	3
925	3
925	5
141	3
141	9
2294	5
3955	3
3955	9
929	1
929	14
929	10
350	3
350	9
2732	3
2732	12
1723	3
1723	7
3914	5
4383	5
4383	4
2904	7
4212	2
4212	7
4212	10
973	9
973	2
973	4
973	10
629	4
3137	7
1973	3
701	3
701	9
4351	12
4262	7
2999	9
2999	10
1691	15
1691	7
1691	13
2962	3
2962	5
4423	3
4423	5
4423	10
4066	3
4066	5
4066	4
4066	11
1515	3
1515	5
1870	13
1870	17
1870	10
4364	3
4364	10
1064	4
1064	13
1615	4
1615	11
4053	3
4053	6
1379	3
1361	3
197	3
94	3
94	2
94	10
2996	5
2996	4
1176	3
1176	8
667	3
2613	3
2182	5
2182	4
4285	7
2329	7
2835	3
2835	1
2835	10
2623	3
2623	8
2623	13
2750	3
2750	5
2750	10
2864	4
2864	7
233	3
3127	4
3439	3
4417	3
1557	3
3589	3
3589	4
3589	7
2034	10
2761	5
2761	4
2761	10
1798	1
1798	6
1798	13
4254	3
4254	5
4254	10
88	3
88	1
88	7
88	10
88	11
1638	3
1638	9
3489	3
3489	8
3489	7
1456	4
660	3
660	5
1259	3
1259	2
1259	6
1614	3
1614	7
2977	3
2977	8
2977	7
2977	13
789	3
789	5
789	10
2598	11
451	4
2661	1
2661	7
2661	13
205	3
205	13
4307	3
1979	3
1979	7
761	3
761	2
761	10
4122	10
1139	4
3484	2
3484	13
3484	10
452	1
452	6
1556	6
1556	13
1556	17
1136	12
1136	10
2960	1
2960	7
2960	11
3072	3
3072	10
3060	3
3060	4
756	3
756	17
3768	3
3768	2
3742	6
3742	13
3742	17
2557	3
2557	5
2557	4
2557	13
468	7
468	13
296	17
2134	3
2134	2
2134	5
2134	12
2134	10
2134	11
2192	5
3361	3
3361	1
3361	6
3361	13
2084	3
2084	10
1960	17
1260	6
1260	13
271	5
2117	11
1760	1
2188	8
2188	7
2188	13
2188	10
2718	1
2718	4
3255	4
2871	2
2871	11
481	4
481	13
4252	4
2305	6
2305	13
2841	3
2841	11
3326	4
1721	4
1490	9
3543	3
3543	11
2970	2
3091	3
4269	5
3485	5
4134	7
4134	10
1046	4
1046	7
3969	7
786	11
999	4
999	13
126	3
126	4
126	13
2428	3
2428	9
399	4
1675	4
743	12
743	10
3329	3
3329	5
3329	15
3329	7
220	5
220	4
220	13
475	3
475	9
475	7
2208	1
3678	11
2367	4
19	4
1568	4
3884	3
2456	7
3922	4
1982	3
1982	10
2282	4
3073	4
1414	3
1414	5
1851	5
1851	15
1851	7
262	1
262	7
262	13
817	6
817	4
1088	4
3318	3
3318	4
3476	3
3476	2
3476	5
3476	7
1584	1
1584	7
1584	13
1807	4
4073	2
4073	7
4073	10
4060	13
2300	3
2300	6
2300	4
2300	10
2263	7
3813	3
3813	9
564	3
564	2
564	4
1970	4
3124	3
3124	9
3124	7
2650	5
2650	4
3275	3
3275	4
2349	2
2349	13
2349	12
2349	17
2349	10
2349	11
1294	9
1294	15
1294	4
3873	4
1082	3
1082	8
1082	7
719	10
3686	10
3861	3
3025	3
3025	9
2668	4
3557	2
2985	4
1619	4
1619	13
3812	9
3500	3
983	5
983	4
168	4
883	5
883	4
44	3
44	1
1258	3
1258	13
1282	10
3718	4
421	2
478	3
478	9
478	10
3104	9
3104	5
3104	4
1492	2
1492	7
1492	10
3591	2
3591	15
4045	4
499	3
499	5
499	4
499	10
1521	3
1521	6
1521	15
1325	1
1776	3
1776	7
1776	13
3919	14
1102	4
1102	13
2502	3
2502	5
2502	6
2502	4
2502	7
3259	3
3259	6
3259	10
4001	3
2816	3
2816	2
2816	1
2816	14
707	6
707	7
707	13
3675	9
429	3
264	3
264	2
1127	12
2462	3
960	3
2589	5
432	11
3429	4
3429	7
688	3
688	6
688	15
2896	7
3888	3
85	4
3934	3
3934	4
3934	7
3281	5
3281	10
2062	9
725	7
1250	3
3853	14
3853	10
4316	7
1790	3
1790	1
92	6
92	7
1227	10
2130	5
2232	14
2173	5
3979	3
3979	6
681	5
681	6
836	9
836	5
836	6
836	7
3931	9
3931	4
2505	3
2505	1
2186	3
1345	10
4187	14
4187	5
3545	1
1685	1
1897	1
4304	3
4304	9
1034	3
1034	7
90	3
90	5
3984	3
3984	9
2675	3
479	2
166	4
1838	3
1838	1
931	3
3521	3
3521	10
4370	4
1253	3
1253	9
1253	6
1253	4
1762	3
1762	5
553	3
553	6
553	13
3373	3
3373	1
2127	4
221	9
221	4
4135	5
650	3
3957	2
3957	1
2151	3
2151	6
1165	10
1165	11
1083	1
1083	14
1083	7
1740	3
1740	9
2443	5
656	1
563	3
563	2
563	11
1844	4
1844	13
636	3
4395	14
400	4
400	13
1012	3
460	3
460	9
4319	3
3132	3
3132	9
1768	9
1768	5
1173	10
236	3
236	9
423	6
423	4
1943	3
1015	2
1703	5
1703	4
1579	3
1579	7
1579	10
1579	11
3348	16
442	3
68	3
68	2
68	11
816	4
4220	10
1443	3
1443	4
1374	1
1123	1
2364	5
2364	4
4006	3
4006	1
2157	4
2157	7
2280	2
3074	13
1394	3
1394	6
781	3
1444	14
1444	5
2488	3
2488	9
2753	3
2753	11
1403	4
893	3
893	6
893	7
893	13
342	6
342	7
1846	4
3204	3
1066	4
1966	4
1966	7
729	3
2398	4
245	4
245	7
352	4
1486	3
1486	10
2083	13
3881	4
2647	3
2647	6
2647	4
2647	10
3286	4
2123	4
2123	13
2704	4
3231	3
3231	4
4181	4
300	3
300	5
300	4
300	11
3441	5
3441	6
3441	4
2400	7
2400	13
2766	4
3339	3
3339	4
156	4
156	13
661	1
661	4
3427	3
3427	5
3427	8
3427	10
3427	11
3606	4
3606	13
3288	3
3288	10
1304	3
1304	5
2524	4
717	4
717	7
717	13
3598	4
1659	5
1659	10
4439	4
58	4
3397	9
2093	3
2093	5
2012	3
2012	4
4273	3
4273	2
4273	5
4273	7
2736	1
4143	1
3257	10
4369	1
4369	10
1756	3
1756	1
4275	3
4275	9
2467	3
2467	5
937	10
1678	3
3640	3
1692	4
3635	3
3635	9
2241	1
2241	6
3644	14
3108	3
3108	9
3384	4
726	9
4089	14
1140	4
1140	13
2292	3
2292	10
491	3
2116	2
2116	1
2116	14
2116	10
3997	1
3997	5
2540	3
2343	7
2419	5
2419	15
2419	4
436	3
436	2
436	1
436	6
436	16
2221	2
2221	1
2063	2
2063	1
1877	3
1877	2
1877	1
2657	2
2657	1
630	3
630	9
3216	4
671	6
671	7
2591	2
2591	1
2591	5
1106	2
1106	6
2279	8
2279	13
2893	3
2893	1
317	3
2927	4
326	3
326	9
3052	2
3052	6
1522	7
1522	12
2288	15
2288	4
2538	11
2207	7
1293	3
1564	3
1564	4
2420	9
2420	10
2257	9
2257	1
3697	4
3697	7
3697	13
1631	10
1509	7
4382	7
1869	7
375	10
3029	3
1388	7
1424	7
3004	3
2727	3
2727	5
2727	4
2000	3
2000	5
1771	3
4201	4
2133	3
1710	3
1710	2
1494	4
731	3
288	3
288	5
