402	417	0.001000
402	470	0.001000
402	476	0.001000
402	550	0.001000
402	583	0.004000
402	584	0.001000
684	699	0.420000
586	880	0.003000
586	77	0.019000
3677	3696	0.001000
3677	3726	0.001000
3922	3941	0.185000
1267	4079	0.075000
1267	4082	0.030000
1477	4095	0.002000
1477	4096	0.002000
1477	524	0.002000
3085	4408	0.241000
403	563	0.001000
5687	5689	0.279000
5687	5367	0.333000
5750	4300	0.203000
765	6627	0.011000
765	1703	0.008000
765	6724	0.001000
765	206	0.014000
765	6804	0.009000
6828	2081	0.287000
2836	7119	0.001000
2836	4057	0.001000
8291	8300	0.009000
8335	8336	0.042000
5807	1660	0.001000
8566	7119	0.001000
8566	3331	0.159000
8885	3229	0.026000
8885	3273	0.014000
8885	3328	0.033000
8885	3346	0.011000
8885	3440	0.016000
8885	3496	0.004000
8885	3613	0.117000
8819	1851	0.042000
8819	8067	0.001000
8819	9005	0.001000
8819	9008	0.001000
8819	7566	0.001000
8819	9016	0.006000
8819	9018	0.002000
8819	9022	0.002000
8819	3952	0.007000
8819	8861	0.001000
8819	9034	0.002000
9054	1651	0.172000
3091	477	0.002000
3091	3366	0.037000
3091	5655	0.003000
3091	577	0.008000
329	9601	0.005000
329	5087	0.004000
329	5876	0.002000
329	110	0.004000
329	5230	0.005000
9723	9724	0.002000
9723	9725	0.001000
9723	3499	0.171000
10243	5155	0.002000
1837	4095	0.001000
1837	4096	0.001000
1837	524	0.001000
3096	3262	0.001000
1211	1212	0.068000
1211	888	0.241000
1211	6100	0.118000
1211	3423	0.036000
1211	10101	0.011000
1211	10760	0.154000
6592	7422	0.013000
6592	7458	0.003000
6592	7477	0.006000
6592	7328	0.003000
7576	2008	0.633000
7576	2353	0.292000
7576	9993	0.899000
3679	3573	0.106000
3680	3573	0.111000
5301	11431	0.206000
3097	231	0.436000
7	4980	0.325000
219	272	0.171000
219	3475	0.146000
219	9634	0.227000
11716	3300	0.349000
9000	3952	0.001000
1565	7339	0.004000
3103	6531	0.187000
8066	8087	0.004000
409	416	0.006000
409	417	0.002000
409	12493	0.001000
409	470	0.003000
409	476	0.002000
409	2310	0.001000
409	550	0.004000
409	584	0.003000
4566	4869	0.001000
1072	4869	0.001000
5067	4259	0.012000
5067	5093	0.012000
5067	252	0.001000
5067	5049	0.006000
7711	6628	0.001000
7711	7725	0.001000
221	12605	0.341000
12605	221	0.341000
1847	2301	0.009000
3105	2861	0.730000
6903	8067	0.004000
6903	9008	0.004000
6903	12061	0.003000
6903	8861	0.006000
5073	4095	0.001000
5073	4096	0.001000
5073	7615	0.008000
5073	273	0.002000
5073	524	0.001000
5073	6965	0.011000
5073	849	0.009000
5073	8726	0.005000
5073	2612	0.001000
8222	6628	0.001000
8222	7725	0.001000
3963	10315	0.001000
4252	9518	0.441000
4252	9532	0.476000
8921	3005	0.116000
1851	8819	0.042000
1851	9005	0.091000
1851	3235	0.002000
1851	6094	0.007000
1851	8636	0.011000
1851	5587	0.002000
1851	5601	0.002000
1851	6742	0.003000
1851	5640	0.002000
1851	5653	0.001000
1851	8675	0.007000
1851	8655	0.009000
1851	9034	0.011000
1851	6808	0.007000
10437	12633	0.001000
2770	9210	0.001000
5505	10400	0.229000
5507	2729	0.001000
5509	713	0.023000
13158	13159	0.010000
13158	10105	0.071000
2861	3105	0.730000
2861	282	0.339000
2861	8776	0.226000
2861	5361	0.004000
2933	6279	0.005000
2933	4145	0.004000
4254	300	0.013000
3018	3239	0.009000
3018	2124	0.009000
3018	4345	0.009000
4731	2875	0.119000
3109	3262	0.001000
3109	3420	0.001000
4703	1212	0.020000
4703	888	0.069000
4703	6100	0.082000
4703	3423	0.006000
4703	10101	0.002000
4703	10760	0.143000
1273	3302	0.004000
1273	2441	0.025000
1273	563	0.003000
1273	5681	0.003000
592	77	0.108000
411	1884	0.238000
2864	1213	0.005000
2864	3359	0.235000
2864	8049	0.006000
2864	4213	0.012000
10173	1675	0.004000
8067	8819	0.001000
8067	6903	0.004000
13471	3373	0.001000
10350	10712	0.002000
593	77	0.115000
4256	13712	0.176000
13772	13775	0.001000
413	433	0.010000
413	818	0.027000
413	184	0.023000
413	191	0.011000
8223	80	0.012000
3019	3261	0.098000
3019	3520	0.022000
3019	568	0.031000
3019	3657	0.083000
594	77	0.079000
594	6678	0.001000
594	6705	0.002000
4979	2334	0.009000
7092	2904	0.072000
7092	7139	0.005000
7092	7140	0.001000
7092	7818	0.005000
7092	13938	0.178000
7092	13106	0.002000
1857	1487	0.001000
1857	4102	0.002000
7783	888	0.001000
7783	3423	0.011000
7783	10101	0.007000
9441	2135	0.280000
9441	4335	0.257000
416	409	0.006000
416	4397	0.039000
416	1537	0.040000
416	563	0.046000
595	77	0.149000
595	6678	0.002000
595	6705	0.004000
1387	13576	0.010000
4980	7	0.325000
20	11769	0.181000
1275	9161	0.015000
6599	8939	0.017000
773	4121	0.002000
773	14115	0.002000
773	4132	0.002000
773	4139	0.002000
773	6296	0.002000
596	880	0.001000
596	77	0.013000
417	402	0.001000
417	409	0.002000
417	482	0.020000
417	4397	0.026000
417	1537	0.064000
417	563	0.029000
4034	6756	0.001000
4090	5127	0.416000
3119	5920	0.278000
1862	1799	0.001000
4259	5067	0.012000
4259	2184	0.002000
4259	4359	0.001000
14332	4582	0.014000
14332	10967	0.001000
14332	12907	0.006000
14332	13810	0.001000
14332	14333	0.002000
14332	6286	0.021000
14332	10831	0.019000
14332	8623	0.017000
14332	1451	0.014000
14332	14334	0.011000
14332	8659	0.017000
1865	13444	0.333000
1865	7405	0.332000
864	849	0.001000
864	10315	0.001000
1212	1211	0.068000
1212	4703	0.020000
1212	1228	0.015000
1212	6696	0.003000
1212	10561	0.024000
1212	10761	0.002000
1212	10569	0.001000
865	6749	0.289000
597	77	0.028000
12665	2259	0.259000
866	3261	0.164000
866	3520	0.037000
866	568	0.039000
866	3657	0.140000
9601	329	0.005000
9601	1279	0.001000
9601	8352	0.007000
9601	788	0.001000
9601	791	0.003000
9601	447	0.001000
9601	8901	0.003000
9601	2180	0.001000
9601	812	0.003000
9601	906	0.001000
9601	1336	0.001000
9601	13014	0.002000
9601	844	0.001000
9601	850	0.004000
9601	3006	0.002000
9601	4544	0.006000
9601	2612	0.004000
419	2640	0.127000
4952	464	0.003000
4952	498	0.110000
231	3097	0.436000
1279	9601	0.001000
1279	5087	0.001000
1279	110	0.001000
1279	5230	0.001000
4533	1348	0.003000
7899	7900	0.001000
6905	6971	0.001000
5934	3689	0.013000
5934	13050	0.029000
5934	13053	0.034000
5934	5293	0.014000
5934	3712	0.015000
5934	13435	0.380000
5934	12949	0.022000
4035	9657	0.002000
4035	4773	0.001000
1213	2864	0.005000
1213	4376	0.008000
1213	3487	0.001000
1213	4392	0.004000
1213	4421	0.004000
8515	14612	0.270000
5087	329	0.004000
5087	1279	0.001000
5087	8352	0.005000
5087	791	0.004000
5087	67	0.001000
5087	447	0.001000
5087	9430	0.001000
5087	812	0.005000
5087	906	0.002000
5087	1336	0.001000
5087	13014	0.001000
5087	844	0.003000
5087	850	0.006000
5087	3006	0.001000
5087	4544	0.006000
5087	2612	0.003000
5087	10600	0.004000
5088	1322	0.002000
5088	4543	0.001000
5088	1380	0.002000
5089	10315	0.001000
6606	6842	0.223000
1281	5918	0.247000
1281	3080	0.231000
7095	2904	0.030000
686	6741	0.006000
1483	14735	0.014000
687	690	0.162000
687	701	0.679000
10745	80	0.016000
3926	8352	0.324000
3926	3941	0.119000
3926	2489	0.010000
1884	411	0.238000
1884	489	0.088000
423	2640	0.130000
3139	6056	0.008000
3139	481	0.007000
4574	9496	0.001000
6022	5156	0.035000
6022	11554	0.011000
6022	550	0.005000
6022	3960	0.009000
6022	11570	0.012000
6022	11572	0.011000
1888	564	0.006000
15054	15055	0.362000
9093	10441	0.240000
10460	3262	0.216000
15153	8684	0.002000
8924	9793	0.010000
8924	8965	0.007000
8924	8975	0.010000
8924	10975	0.007000
9603	563	0.001000
10669	9605	0.009000
10669	11298	0.003000
10669	8983	0.002000
870	8763	0.274000
870	7749	0.286000
13159	13158	0.010000
13159	80	0.040000
13159	6668	0.007000
13159	3315	0.010000
13159	13160	0.008000
13159	14815	0.009000
13159	12641	0.008000
13159	15300	0.008000
5093	5067	0.012000
8352	9601	0.007000
8352	5087	0.005000
8352	3926	0.324000
8352	453	0.001000
8352	8901	0.001000
8352	110	0.006000
8352	6963	0.001000
8352	307	0.001000
8352	849	0.007000
8352	5230	0.005000
8352	3006	0.002000
8352	2612	0.001000
6829	10097	0.001000
6829	10104	0.001000
7103	15319	0.003000
9939	15339	0.018000
7422	6592	0.013000
7422	14403	0.006000
7422	14816	0.003000
7422	12941	0.023000
7422	13948	0.007000
7422	9496	0.010000
7422	6736	0.007000
7422	14817	0.001000
7422	15342	0.005000
7422	6737	0.001000
8224	15232	0.098000
11286	12533	0.007000
11286	11297	0.008000
11286	11309	0.008000
11286	11318	0.008000
11286	12536	0.008000
11286	11320	0.008000
11286	11324	0.008000
11286	11328	0.008000
11286	11345	0.008000
12532	7612	0.009000
12532	8110	0.009000
12532	8111	0.009000
12532	8112	0.009000
12532	8113	0.009000
12532	8116	0.009000
12532	8117	0.009000
12532	8122	0.009000
12532	8123	0.009000
12532	8131	0.009000
12532	8132	0.009000
12532	8136	0.009000
12532	7669	0.009000
12532	4417	0.009000
1286	700	0.001000
2867	2942	0.506000
10712	10350	0.002000
3152	4805	0.493000
37	12583	0.004000
37	10329	0.002000
4869	4566	0.001000
4869	1072	0.001000
4869	1108	0.001000
4869	7143	0.004000
4869	2780	0.002000
4869	7181	0.001000
38	6557	0.019000
7024	15593	0.002000
7024	14382	0.001000
7024	4059	0.002000
7024	15595	0.001000
7024	7055	0.002000
7024	15596	0.001000
9941	15249	0.004000
598	77	0.104000
6279	2933	0.005000
6279	14035	0.004000
39	10315	0.002000
9224	11430	0.087000
9224	6749	0.140000
1592	1385	0.001000
599	3726	0.015000
9225	80	0.022000
12693	7813	0.003000
15161	14278	0.002000
7813	12693	0.003000
7813	2875	0.455000
7813	2232	0.675000
1914	6850	0.005000
10815	4095	0.001000
10815	4096	0.001000
10815	524	0.001000
14403	7422	0.006000
14403	4785	0.002000
14403	13948	0.003000
10156	6741	0.038000
3163	10097	0.043000
3163	10104	0.039000
3163	3791	0.037000
6246	1926	0.477000
1017	4069	0.847000
12493	409	0.001000
12493	584	0.001000
872	741	0.002000
872	13712	0.002000
46	6833	0.678000
9724	9723	0.002000
9724	10729	0.055000
9812	15864	0.242000
15880	8336	0.046000
873	77	0.031000
6615	75	0.078000
6615	206	0.326000
431	241	0.001000
431	2416	0.002000
4986	9117	0.169000
4986	5653	0.132000
3685	568	0.160000
8279	8289	0.078000
6053	6128	0.008000
4521	4121	0.002000
4521	4132	0.002000
4521	4139	0.002000
6493	153	0.283000
781	13881	0.127000
1926	6246	0.477000
10388	3857	0.001000
3929	7184	0.002000
433	413	0.010000
8896	3953	0.006000
11429	10539	0.174000
7900	7899	0.001000
7900	7913	0.001000
7900	951	0.033000
12464	101	0.001000
4707	3696	0.001000
6620	12120	0.007000
9793	8924	0.010000
9793	8983	0.005000
8929	3005	0.571000
13589	12097	0.021000
13589	273	0.004000
13589	13607	0.018000
6056	3139	0.008000
16065	16066	0.026000
16066	16065	0.026000
3173	3215	0.022000
3173	3323	0.085000
3173	3621	0.018000
437	820	0.005000
1093	15044	0.006000
1934	5167	0.001000
1934	2612	0.001000
8516	4095	0.003000
8516	4096	0.003000
8516	524	0.003000
7432	15730	0.011000
7432	13965	0.006000
14816	7422	0.003000
14816	4785	0.001000
3181	6797	0.349000
4121	773	0.002000
4121	4521	0.002000
4121	1101	0.006000
4121	7144	0.001000
4121	5383	0.001000
4121	12729	0.001000
4121	1195	0.002000
4121	5232	0.001000
1289	16132	0.208000
241	431	0.001000
241	5114	0.003000
241	5329	0.001000
241	5167	0.001000
241	6965	0.004000
241	849	0.003000
8483	5210	0.098000
6060	2875	0.151000
3981	10315	0.002000
604	77	0.012000
10925	16215	0.259000
3186	3726	0.002000
6198	8743	0.038000
1487	1857	0.001000
9161	1275	0.015000
9161	5210	0.175000
4582	14332	0.014000
9725	9723	0.001000
9725	10729	0.020000
3689	5934	0.013000
3689	3696	0.001000
3689	8231	0.009000
3689	8234	0.014000
3189	12565	0.336000
3189	13213	0.384000
14073	8740	0.005000
14073	9142	0.002000
5689	5687	0.279000
1612	2422	0.214000
605	77	0.011000
8684	15153	0.002000
8684	14583	0.003000
606	77	0.014000
5690	612	0.004000
607	77	0.028000
13352	12280	0.012000
13352	15544	0.013000
6627	765	0.011000
1962	110	0.001000
1962	3543	0.001000
1962	849	0.001000
1962	10315	0.004000
1963	461	0.279000
1963	8087	0.002000
1963	2721	0.014000
1963	2588	0.009000
6628	7711	0.001000
6628	8222	0.001000
14261	13160	0.001000
6859	9286	0.441000
1293	616	0.004000
3199	3345	0.721000
8930	3696	0.001000
8930	3359	0.036000
610	77	0.163000
5876	329	0.002000
5876	8901	0.002000
5876	906	0.001000
5876	6963	0.001000
5876	3544	0.001000
5876	849	0.004000
5876	3006	0.001000
5876	2612	0.002000
1983	4816	0.151000
9604	4095	0.003000
9604	4096	0.003000
9604	524	0.003000
4283	4406	0.022000
4283	2577	0.430000
6281	11656	0.002000
7119	2836	0.001000
7119	8566	0.001000
7119	6756	0.001000
7595	7615	0.001000
6336	10600	0.166000
788	9601	0.001000
788	5230	0.001000
1991	849	0.001000
11930	292	0.005000
11930	1727	0.009000
4953	3952	0.003000
791	9601	0.003000
791	5087	0.004000
791	798	0.004000
791	799	0.003000
791	110	0.004000
791	1348	0.009000
791	4540	0.012000
791	5230	0.004000
10967	14332	0.001000
1296	2516	0.399000
67	5087	0.001000
67	110	0.001000
67	5230	0.001000
8355	10018	0.314000
447	9601	0.001000
447	5087	0.001000
447	110	0.002000
447	849	0.002000
447	5230	0.001000
447	8726	0.001000
10470	4964	0.003000
10470	4013	0.001000
10749	3423	0.010000
10749	10101	0.007000
13591	16215	0.277000
8519	11871	0.441000
15739	16260	0.257000
15739	13936	0.153000
15739	5240	0.209000
11871	8519	0.441000
1620	307	0.037000
1996	2422	0.001000
8898	3953	0.003000
252	5067	0.001000
12607	14262	0.183000
3215	3173	0.022000
16597	4646	0.001000
713	5509	0.023000
1999	2056	0.213000
1999	8081	0.277000
1999	12930	0.506000
1999	16603	0.171000
1999	16604	0.287000
1999	16605	0.153000
9004	9005	0.003000
9004	8472	0.001000
9004	8956	0.001000
9004	8475	0.001000
15278	16609	0.001000
5114	241	0.003000
5114	453	0.003000
5114	8901	0.001000
5114	3543	0.168000
5114	2612	0.002000
3692	3262	0.005000
3692	3284	0.002000
690	687	0.162000
690	701	0.895000
7028	14458	0.001000
16615	15055	0.256000
1101	4121	0.006000
1101	14115	0.009000
1101	4132	0.009000
1101	4139	0.006000
1101	6296	0.009000
6364	16618	0.004000
4289	2119	0.001000
2008	7576	0.633000
2008	2353	0.272000
612	5690	0.004000
612	5695	0.003000
8740	14073	0.005000
8740	4433	0.005000
9286	6859	0.441000
9286	9993	0.176000
2011	814	0.002000
2019	2732	0.033000
9657	4035	0.002000
9657	4046	0.003000
880	586	0.003000
880	596	0.001000
75	6615	0.078000
75	6796	0.072000
14115	773	0.002000
14115	1101	0.009000
14115	7144	0.001000
14115	12729	0.001000
5692	6786	0.584000
4046	9657	0.003000
4046	12912	0.003000
4046	13905	0.004000
4046	4773	0.001000
5119	2398	0.258000
4964	10470	0.003000
7600	8901	0.001000
2904	7092	0.072000
2904	7095	0.030000
2904	7139	0.001000
2904	7818	0.001000
2904	10450	0.001000
8300	8291	0.009000
9518	4252	0.441000
9518	4346	0.438000
9518	4391	0.202000
9518	3541	0.065000
5120	3562	0.003000
9005	8819	0.001000
9005	1851	0.091000
9005	9004	0.003000
9005	12127	0.001000
9005	6094	0.002000
9005	109	0.004000
9005	8472	0.010000
9005	7566	0.005000
9005	9016	0.055000
9005	8675	0.006000
9005	9034	0.005000
77	586	0.019000
77	592	0.108000
77	593	0.115000
77	594	0.079000
77	595	0.149000
77	596	0.013000
77	597	0.028000
77	598	0.104000
77	873	0.031000
77	604	0.012000
77	605	0.011000
77	606	0.014000
77	607	0.028000
77	610	0.163000
77	619	0.020000
77	621	0.001000
77	623	0.039000
77	10439	0.001000
77	630	0.038000
77	631	0.040000
77	633	0.094000
77	636	0.120000
77	638	0.029000
77	639	0.001000
77	640	0.031000
77	642	0.021000
77	643	0.076000
77	644	0.044000
77	646	0.140000
77	647	0.151000
77	651	0.017000
77	924	0.007000
77	659	0.017000
77	661	0.064000
77	663	0.048000
77	664	0.030000
77	665	0.034000
77	667	0.117000
77	668	0.088000
77	673	0.028000
77	677	0.020000
77	678	0.030000
77	678	0.030000
77	678	0.030000
77	680	0.015000
77	678	0.030000
77	681	0.127000
77	682	0.005000
3225	6668	0.003000
9228	4380	0.414000
3694	3573	0.117000
798	791	0.004000
798	812	0.004000
798	844	0.004000
798	850	0.004000
798	4544	0.004000
10097	6829	0.001000
10097	3163	0.043000
10097	10100	0.037000
10097	6840	0.037000
10097	6765	0.005000
6647	700	0.006000
3229	8885	0.026000
3229	14515	0.001000
799	791	0.003000
799	812	0.003000
799	844	0.002000
799	850	0.003000
799	4544	0.003000
7602	5329	0.001000
4293	485	0.007000
12907	14332	0.006000
13757	8743	0.028000
11430	9224	0.087000
11430	10559	0.116000
3230	14532	0.472000
3931	7173	0.001000
3931	5568	0.001000
3932	7184	0.002000
12562	5155	0.172000
453	8352	0.001000
453	5114	0.003000
453	7615	0.003000
453	5329	0.001000
453	5167	0.003000
453	1348	0.001000
453	8348	0.001000
453	849	0.004000
14510	9108	0.098000
14510	7326	0.090000
14510	9525	0.098000
14510	2468	0.001000
14510	9533	0.005000
13050	5934	0.029000
13050	3696	0.002000
13050	8231	0.014000
13050	8234	0.019000
7361	8451	0.241000
8763	870	0.274000
882	3259	0.010000
3233	6668	0.003000
3233	12641	0.003000
1420	5126	0.090000
1420	13297	0.001000
80	8223	0.012000
80	10745	0.016000
80	13159	0.040000
80	9225	0.022000
80	7823	0.023000
80	13611	0.008000
80	7322	0.006000
80	3457	0.508000
80	9237	0.029000
80	211	0.021000
3235	1851	0.002000
3235	2612	0.002000
12097	13589	0.021000
12097	273	0.024000
12097	13598	0.001000
12097	8348	0.024000
12097	13607	0.094000
255	14271	0.002000
4128	9280	0.010000
3696	3677	0.001000
3696	4707	0.001000
3696	3689	0.001000
3696	8930	0.001000
3696	13050	0.002000
3696	13053	0.002000
3696	8953	0.001000
3696	4714	0.001000
3696	7812	0.001000
3696	5293	0.001000
3696	3712	0.001000
3696	946	0.001000
3696	13435	0.005000
3696	9530	0.001000
3696	12949	0.001000
16865	16866	0.322000
10535	8246	0.655000
2056	1999	0.213000
3239	3018	0.009000
3239	2184	0.001000
3239	4359	0.001000
10911	13392	0.393000
13279	6557	0.150000
2869	1228	0.624000
2869	6696	0.721000
82	9230	0.001000
82	1348	0.003000
82	849	0.001000
82	1799	0.002000
14515	3229	0.001000
4167	8266	0.001000
5126	1420	0.090000
5126	9687	0.013000
8081	1999	0.277000
85	6346	0.010000
616	1293	0.004000
11004	5009	0.576000
5695	612	0.003000
4095	1477	0.002000
4095	1837	0.001000
4095	5073	0.001000
4095	10815	0.001000
4095	8516	0.003000
4095	9604	0.003000
4095	9605	0.002000
4095	8521	0.002000
4095	1505	0.001000
4095	8945	0.002000
4095	11967	0.001000
4095	1322	0.001000
4095	812	0.001000
4095	5166	0.001000
4095	9616	0.001000
4095	12557	0.002000
4095	1522	0.001000
4095	8857	0.002000
4095	850	0.001000
4095	4112	0.004000
4095	1540	0.001000
4095	1548	0.002000
2066	12570	0.483000
5127	4090	0.416000
5127	8583	0.073000
15730	7432	0.011000
9230	82	0.001000
3918	3499	0.207000
13810	14332	0.001000
15050	2568	0.171000
4300	5750	0.203000
10751	3590	0.089000
1304	2081	0.638000
4303	6096	0.591000
1108	4869	0.001000
1108	15859	0.001000
6658	12120	0.003000
9605	10669	0.009000
9605	4095	0.002000
9605	4096	0.002000
9605	524	0.002000
12533	11286	0.007000
12533	7612	0.009000
12533	12477	0.001000
12533	8110	0.009000
12533	8111	0.009000
12533	8112	0.009000
12533	8113	0.009000
12533	8116	0.009000
12533	8117	0.009000
12533	8122	0.009000
12533	8123	0.009000
12533	8131	0.009000
12533	8132	0.009000
12533	8136	0.009000
12533	7669	0.009000
12533	4417	0.009000
2074	15232	0.754000
17109	3845	0.001000
6832	5894	0.066000
6832	5353	0.181000
9007	9018	0.001000
9007	9022	0.001000
9007	14128	0.001000
5529	6448	0.005000
5529	4898	0.002000
5529	2366	0.003000
4079	1267	0.075000
13444	1865	0.333000
6833	46	0.678000
14058	7202	0.002000
886	3373	0.001000
2081	6828	0.287000
2081	1304	0.638000
12583	37	0.004000
1423	8502	0.001000
4805	3152	0.493000
5946	4723	0.002000
2084	550	0.003000
90	563	0.003000
90	5681	0.004000
3259	882	0.010000
3259	893	0.010000
3259	3418	0.009000
3259	3575	0.006000
3259	2554	0.009000
3259	950	0.010000
3259	3630	0.003000
11525	5166	0.001000
888	1211	0.241000
888	4703	0.069000
888	7783	0.001000
888	1228	0.002000
888	7791	0.001000
888	10561	0.087000
888	10761	0.009000
888	10569	0.004000
2085	482	0.186000
3261	3019	0.098000
3261	866	0.164000
3261	2398	0.194000
3261	3078	0.070000
3262	3096	0.001000
3262	3109	0.001000
3262	10460	0.216000
3262	3692	0.005000
3262	3284	0.643000
3262	14340	0.169000
3262	2337	0.202000
3262	7334	0.218000
3262	3569	0.056000
7823	80	0.023000
3266	13201	0.271000
3266	13202	0.328000
15232	8224	0.098000
15232	2074	0.754000
2090	3628	0.299000
6664	13793	0.493000
461	1963	0.279000
461	5746	0.260000
7609	6682	0.670000
7609	14264	0.527000
7609	4406	0.179000
7609	2577	0.731000
8521	4095	0.002000
8521	4096	0.002000
8521	5952	0.001000
8521	524	0.002000
3987	3953	0.006000
3987	2489	0.005000
13053	5934	0.034000
13053	3696	0.002000
13053	8231	0.023000
13053	8234	0.033000
10393	8262	0.001000
10393	6825	0.001000
10394	14035	0.001000
2102	2310	0.021000
2102	583	0.013000
12127	9005	0.001000
12127	9016	0.001000
8471	3857	0.002000
8471	5607	0.002000
7139	7092	0.005000
7139	2904	0.001000
7140	7092	0.001000
17236	17237	0.072000
2104	8558	0.245000
6086	8097	0.228000
462	4413	0.196000
8939	6599	0.017000
8939	8940	0.003000
8939	4051	0.002000
8939	9640	0.003000
8939	4950	0.002000
619	77	0.020000
3273	8885	0.014000
13932	7217	0.001000
7818	7092	0.005000
7818	2904	0.001000
5918	1281	0.247000
2115	2532	0.005000
464	4952	0.003000
2119	4289	0.001000
2119	4678	0.001000
11297	11286	0.008000
11297	7612	0.009000
11297	12477	0.001000
11297	8110	0.009000
11297	11319	0.001000
11297	8111	0.009000
11297	8112	0.009000
11297	8113	0.009000
11297	8116	0.009000
11297	8117	0.009000
11297	8122	0.009000
11297	8123	0.009000
11297	8131	0.009000
11297	8132	0.009000
11297	8136	0.009000
11297	7669	0.009000
11297	4417	0.009000
7612	12532	0.009000
7612	12533	0.009000
7612	11297	0.009000
7612	11303	0.009000
7612	11309	0.009000
7612	11318	0.009000
7612	12536	0.009000
7612	11320	0.009000
7612	11321	0.009000
7612	11324	0.009000
7612	11326	0.009000
7612	11328	0.009000
7612	11337	0.009000
7612	11339	0.009000
7612	11344	0.009000
7612	11345	0.009000
7612	11337	0.009000
7612	12538	0.009000
6668	13159	0.007000
6668	3225	0.003000
6668	3233	0.003000
6668	477	0.003000
6668	3712	0.002000
13282	3902	0.004000
1651	9054	0.172000
1651	16617	0.100000
3284	3692	0.002000
3284	3262	0.643000
3284	3326	0.003000
3284	13160	0.025000
8940	8939	0.003000
9521	700	0.007000
7143	4869	0.004000
5894	6832	0.066000
11298	10669	0.003000
4096	1477	0.002000
4096	1837	0.001000
4096	5073	0.001000
4096	10815	0.001000
4096	8516	0.003000
4096	9604	0.003000
4096	9605	0.002000
4096	8521	0.002000
4096	1505	0.001000
4096	8945	0.002000
4096	11967	0.001000
4096	1322	0.001000
4096	812	0.001000
4096	5166	0.001000
4096	9616	0.001000
4096	12557	0.002000
4096	1522	0.001000
4096	8857	0.002000
4096	850	0.001000
4096	4112	0.004000
4096	1540	0.001000
4096	1548	0.002000
3936	16498	0.534000
3936	2357	0.001000
893	3259	0.010000
10539	11429	0.174000
10539	466	0.707000
621	77	0.001000
4051	8939	0.002000
1313	2532	0.006000
14333	14332	0.002000
7144	4121	0.001000
7144	14115	0.001000
7144	4132	0.001000
7144	9192	0.001000
7144	4139	0.001000
7144	6296	0.001000
2124	3018	0.009000
2124	2184	0.001000
2124	2444	0.001000
6932	3555	0.290000
4310	2159	0.079000
4310	10209	0.042000
13868	5207	0.190000
5772	4057	0.002000
9008	8819	0.001000
9008	6903	0.004000
17373	17373	0.320000
10754	1228	0.743000
10754	6696	0.678000
13492	15319	0.001000
9105	10486	0.352000
2129	15394	0.235000
10304	8241	0.023000
7146	14298	0.002000
8087	8066	0.004000
8087	1963	0.002000
12565	3189	0.336000
2131	4347	0.648000
8900	3953	0.007000
7458	6592	0.003000
6934	6712	0.003000
14850	1660	0.001000
6090	3302	0.007000
6090	11589	0.002000
6090	2441	0.021000
6090	563	0.007000
12867	14294	0.001000
12867	14299	0.002000
1660	5807	0.001000
1660	14850	0.001000
466	10539	0.707000
15603	17409	0.600000
2135	9441	0.280000
2135	3323	0.012000
356	3573	0.160000
1505	4095	0.001000
1505	4096	0.001000
1505	524	0.001000
7615	5073	0.008000
7615	7595	0.001000
7615	453	0.003000
7615	1322	0.002000
7615	5166	0.009000
7615	4110	0.001000
7615	3006	0.002000
8231	3689	0.009000
8231	13050	0.014000
8231	13053	0.023000
8231	5293	0.006000
8231	3712	0.009000
8231	13435	0.640000
8231	12949	0.016000
8901	9601	0.003000
8901	8352	0.001000
8901	5876	0.002000
8901	5114	0.001000
8901	7600	0.001000
8901	11316	0.001000
8901	4016	0.004000
8901	5230	0.001000
8901	3006	0.001000
8901	8726	0.002000
8901	2612	0.001000
4132	773	0.002000
4132	4521	0.002000
4132	1101	0.009000
4132	7144	0.001000
4132	5232	0.001000
3295	3315	0.001000
3295	477	0.001000
15166	7566	0.008000
15166	8956	0.002000
15166	9021	0.002000
15166	9034	0.001000
15055	15054	0.362000
15055	16615	0.256000
10400	5505	0.229000
6093	17415	0.185000
6094	1851	0.007000
6094	9005	0.002000
6094	9016	0.002000
6094	16606	0.001000
2142	10315	0.001000
12249	10729	0.005000
6096	4303	0.591000
10890	16609	0.003000
10890	3901	0.002000
4314	5353	0.008000
8945	4095	0.002000
8945	4096	0.002000
8945	5952	0.001000
8945	524	0.002000
8945	12561	0.001000
6678	594	0.001000
6678	595	0.002000
6678	647	0.002000
6678	667	0.001000
6678	668	0.001000
101	12464	0.001000
101	849	0.002000
3300	11716	0.349000
13201	3266	0.271000
5533	5533	0.203000
5533	5533	0.302000
14294	12867	0.001000
14294	14295	0.001000
14294	15972	0.006000
14294	14296	0.037000
14294	14298	0.009000
14294	14299	0.003000
14294	14300	0.003000
14294	14301	0.003000
4316	2159	0.187000
4316	10209	0.153000
10768	2875	0.006000
10768	4392	0.046000
10768	1242	0.160000
10768	4411	0.095000
10768	5748	0.167000
3302	1273	0.004000
3302	6090	0.007000
3302	131	0.007000
3302	2310	0.007000
2159	4310	0.079000
2159	4316	0.187000
2159	4366	0.001000
2159	3461	0.117000
2159	3529	0.156000
2159	4404	0.269000
2159	4426	0.090000
2159	2558	0.221000
17449	3901	0.002000
102	494	0.002000
10018	8355	0.314000
2163	901	0.045000
7312	14296	0.001000
15593	7024	0.002000
9108	14510	0.098000
9108	649	0.141000
6100	1211	0.118000
6100	4703	0.082000
6100	10561	0.049000
6100	10761	0.023000
6100	10569	0.005000
1188	3894	0.001000
470	402	0.001000
470	409	0.003000
470	482	0.024000
470	4397	0.031000
470	1537	0.073000
470	563	0.034000
10464	5631	0.449000
6286	14332	0.021000
8743	6198	0.038000
8743	13757	0.028000
8743	7639	0.014000
8743	14316	0.024000
8743	4408	0.012000
9930	13160	0.002000
3843	1035	0.002000
3843	7220	0.001000
5920	3119	0.278000
5920	3907	0.247000
14262	12607	0.183000
898	6342	0.352000
898	949	0.591000
623	77	0.039000
13938	7092	0.178000
11967	4095	0.001000
11967	4096	0.001000
11967	110	0.001000
11967	524	0.001000
14382	7024	0.001000
14382	4646	0.002000
16260	15739	0.257000
13091	382	0.001000
5149	8611	0.001000
5149	6950	0.342000
5149	4110	0.001000
10439	77	0.001000
16437	16437	0.210000
2875	4731	0.119000
2875	7813	0.455000
2875	6060	0.151000
2875	10768	0.006000
2875	3359	0.054000
2875	283	0.216000
2875	4213	0.001000
12930	1999	0.506000
3315	13159	0.010000
3315	3295	0.001000
11443	10595	0.169000
9430	5087	0.001000
9430	110	0.001000
9430	5230	0.001000
12280	13352	0.012000
6682	7609	0.670000
4057	2836	0.001000
4057	5772	0.002000
4057	15972	0.001000
4057	3944	0.001000
4057	14296	0.001000
4057	7192	0.001000
4057	16205	0.001000
4816	1983	0.151000
8611	5149	0.001000
8611	981	0.001000
8611	849	0.015000
5989	2339	0.004000
476	402	0.001000
476	409	0.002000
476	482	0.023000
476	563	0.031000
14340	3262	0.169000
3320	6267	0.573000
2180	9601	0.001000
2180	110	0.001000
2180	10315	0.004000
12912	4046	0.003000
477	3091	0.002000
477	6668	0.003000
477	3295	0.001000
11303	7612	0.009000
11303	7669	0.009000
4936	9866	0.001000
3323	3173	0.085000
3323	2135	0.012000
8336	8335	0.042000
8336	15880	0.046000
8336	5737	0.010000
8336	17554	0.045000
8336	17555	0.020000
8336	16580	0.019000
3845	17109	0.001000
478	482	0.003000
478	1537	0.009000
478	563	0.005000
2184	4259	0.002000
2184	3239	0.001000
2184	2124	0.001000
2184	10187	0.209000
2184	4345	0.001000
2184	2388	0.001000
2184	5049	0.001000
2184	2729	0.006000
12633	10437	0.001000
1670	1385	0.001000
1035	3843	0.002000
3326	3284	0.003000
3326	12411	0.003000
3326	9238	0.002000
3326	3569	0.006000
5155	10243	0.002000
5155	12562	0.172000
3328	8885	0.033000
3329	10036	0.190000
8553	153	0.269000
14295	14294	0.001000
14295	15972	0.003000
14295	14296	0.005000
14295	3949	0.001000
14295	14299	0.001000
14295	14300	0.002000
109	9005	0.004000
109	12061	0.002000
109	9022	0.003000
109	3952	0.002000
110	329	0.004000
110	1279	0.001000
110	8352	0.006000
110	1962	0.001000
110	791	0.004000
110	67	0.001000
110	447	0.002000
110	11967	0.001000
110	9430	0.001000
110	2180	0.001000
110	812	0.005000
110	906	0.001000
110	1336	0.001000
110	13014	0.001000
110	844	0.002000
110	850	0.006000
110	3006	0.001000
110	4544	0.007000
110	2612	0.003000
3331	8566	0.159000
3331	6756	0.166000
3331	1172	0.168000
272	219	0.171000
13202	3266	0.328000
273	5073	0.002000
273	13589	0.004000
273	12097	0.024000
273	5166	0.001000
273	11574	0.009000
3042	568	0.803000
1322	5088	0.002000
1322	4095	0.001000
1322	4096	0.001000
1322	7615	0.002000
1322	5329	0.001000
1322	5167	0.003000
1322	524	0.001000
1322	6965	0.004000
1322	2485	0.001000
1322	849	0.004000
1322	8726	0.001000
1322	2612	0.001000
8472	9004	0.001000
8472	9005	0.010000
8472	9015	0.001000
8472	9016	0.006000
8472	9021	0.002000
8472	9022	0.009000
8472	16606	0.005000
8472	9031	0.002000
8472	8675	0.001000
10831	14332	0.019000
3701	3573	0.116000
5156	6022	0.035000
11305	10315	0.003000
16866	16865	0.322000
480	7662	0.002000
2200	2431	0.021000
8904	17453	0.211000
1228	1212	0.015000
1228	2869	0.624000
1228	888	0.002000
1228	10754	0.743000
1228	1246	0.762000
10833	2463	0.515000
6689	3603	0.473000
15394	2129	0.235000
15394	12037	0.185000
7477	6592	0.006000
7477	7328	0.002000
2879	4403	0.015000
16498	3936	0.534000
16498	9750	0.627000
16498	13654	0.112000
10982	2335	0.002000
901	2163	0.045000
1675	10173	0.004000
8583	5127	0.073000
630	77	0.038000
2208	7326	0.047000
2208	9525	0.049000
981	8611	0.001000
2780	4869	0.002000
12570	2066	0.483000
4329	10626	0.212000
3345	3199	0.721000
3346	8885	0.011000
11431	5301	0.206000
5329	241	0.001000
5329	7602	0.001000
5329	453	0.001000
5329	1322	0.001000
812	9601	0.003000
812	5087	0.005000
812	798	0.004000
812	799	0.003000
812	4095	0.001000
812	4096	0.001000
812	110	0.005000
812	524	0.001000
812	1348	0.011000
812	4540	0.015000
812	5230	0.004000
481	3139	0.007000
631	77	0.040000
17661	17662	0.210000
10612	13297	0.028000
10187	2184	0.209000
10187	4359	0.184000
5331	8877	0.389000
3349	494	0.004000
4082	1267	0.030000
13063	5867	0.025000
482	417	0.020000
482	2085	0.186000
482	470	0.024000
482	476	0.023000
482	478	0.003000
482	10267	0.007000
482	131	0.003000
482	550	0.038000
482	1537	0.188000
482	584	0.032000
8234	3689	0.014000
8234	13050	0.019000
8234	13053	0.033000
8234	5293	0.010000
8234	3712	0.013000
8234	13435	0.665000
8234	12949	0.023000
633	77	0.094000
633	6705	0.001000
13750	17670	0.001000
814	2011	0.002000
12037	15394	0.185000
3704	3508	0.820000
3358	10315	0.001000
10626	4329	0.212000
10626	4442	0.160000
10626	4513	0.164000
3359	2864	0.235000
3359	8930	0.036000
3359	2875	0.054000
3359	9235	0.008000
3359	6314	0.005000
3359	7812	0.071000
3359	4376	0.219000
3359	4380	0.071000
3359	3487	0.058000
3359	4392	0.329000
3359	1242	0.699000
3359	4411	0.507000
3359	946	0.038000
3359	4421	0.219000
3359	9530	0.006000
3364	4950	0.003000
13611	80	0.008000
13611	13160	0.002000
2220	4437	0.153000
10267	482	0.007000
5009	11004	0.576000
3366	3091	0.037000
3366	2574	0.150000
3366	2944	0.125000
984	564	0.044000
4785	14403	0.002000
4785	14816	0.001000
4785	15342	0.004000
2937	10895	0.899000
2937	12335	0.899000
5166	4095	0.001000
5166	11525	0.001000
5166	4096	0.001000
5166	7615	0.009000
5166	273	0.001000
5166	524	0.001000
5166	6965	0.014000
5166	849	0.012000
5166	8726	0.005000
9615	5852	0.002000
10542	131	0.006000
818	413	0.027000
818	565	0.002000
4101	6955	0.001000
4101	6965	0.001000
11641	11771	0.239000
12941	7422	0.023000
1689	1385	0.001000
8953	3696	0.001000
8953	700	0.002000
8953	3726	0.007000
12411	3326	0.003000
3941	3922	0.185000
3941	3926	0.119000
3941	3959	0.009000
4335	9441	0.257000
5952	8521	0.001000
5952	8945	0.001000
5952	12557	0.001000
2232	7813	0.675000
2232	13936	0.313000
2232	7894	0.695000
2232	5240	0.676000
12839	11316	0.001000
12839	2612	0.001000
12839	10315	0.004000
12839	10600	0.001000
7049	8266	0.001000
122	3484	0.716000
485	4293	0.007000
6448	5529	0.005000
1327	1354	0.025000
13948	7422	0.007000
13948	14403	0.003000
13948	17039	0.001000
13948	14817	0.004000
13948	15342	0.003000
10482	2574	0.062000
10482	9528	0.061000
3707	1242	0.010000
3707	10105	0.012000
2238	2542	0.001000
3370	3481	0.776000
10329	37	0.002000
8097	6086	0.228000
8097	5190	0.373000
2240	2288	0.168000
6342	898	0.352000
3373	13471	0.001000
3373	886	0.001000
3373	4102	0.001000
3373	1540	0.001000
7725	7711	0.001000
7725	8222	0.001000
16603	1999	0.171000
15544	13352	0.013000
489	1884	0.088000
6696	1212	0.003000
6696	2869	0.721000
6696	10754	0.678000
6696	1246	0.693000
10209	4310	0.042000
10209	4316	0.153000
10209	3461	0.063000
10209	3529	0.093000
10209	4404	0.150000
10209	4426	0.054000
10209	2558	0.182000
10441	9093	0.240000
4102	1857	0.002000
4102	3373	0.001000
4102	6712	0.001000
13936	15739	0.153000
13936	2232	0.313000
9117	4986	0.169000
9117	5016	0.154000
11439	9455	0.002000
11439	13573	0.061000
11439	14475	0.007000
11439	8242	0.239000
11439	14015	0.091000
7173	3931	0.001000
4059	7024	0.002000
906	9601	0.001000
906	5087	0.002000
906	5876	0.001000
906	110	0.001000
906	5230	0.001000
2782	17760	0.001000
5737	8336	0.010000
8909	4949	0.020000
13160	13159	0.008000
13160	14261	0.001000
13160	3284	0.025000
13160	9930	0.002000
13160	13611	0.002000
13160	7322	0.001000
13160	5566	0.002000
13160	16069	0.006000
13160	9237	0.005000
13160	211	0.002000
9015	8472	0.001000
9015	7566	0.001000
9015	12061	0.001000
9015	9866	0.001000
9015	8475	0.001000
9616	4095	0.001000
9616	4096	0.001000
9616	524	0.001000
494	102	0.002000
494	3349	0.004000
494	6557	0.244000
7566	8819	0.001000
7566	9005	0.005000
7566	15166	0.008000
7566	9015	0.001000
7566	8956	0.002000
7566	9016	0.024000
7566	8475	0.005000
7566	9029	0.003000
7566	8675	0.002000
7566	9034	0.003000
7566	6808	0.006000
6950	5149	0.342000
8956	9004	0.001000
8956	15166	0.002000
8956	7566	0.002000
8956	9016	0.007000
8956	16606	0.004000
8956	14128	0.002000
8956	9034	0.001000
8956	6808	0.001000
11309	11286	0.008000
11309	7612	0.009000
11309	12477	0.001000
11309	8110	0.009000
11309	8111	0.009000
11309	8112	0.009000
11309	8113	0.009000
11309	8116	0.009000
11309	8117	0.009000
11309	8122	0.009000
11309	8123	0.009000
11309	8131	0.009000
11309	8132	0.009000
11309	8136	0.009000
11309	7669	0.009000
11309	4417	0.009000
2259	12665	0.259000
636	77	0.120000
3942	5194	0.029000
3942	3562	0.021000
3942	5246	0.061000
5167	1934	0.001000
5167	241	0.001000
5167	453	0.003000
5167	1322	0.003000
5167	4628	0.016000
5167	1380	0.003000
3384	4461	0.011000
3385	3399	0.528000
3385	3444	0.458000
3385	6741	0.018000
3857	10388	0.001000
3857	8471	0.002000
3857	10864	0.005000
3857	14458	0.002000
6381	2618	0.005000
5016	9117	0.154000
5016	5653	0.126000
9016	8819	0.006000
9016	9005	0.055000
9016	12127	0.001000
9016	6094	0.002000
9016	8472	0.006000
9016	7566	0.024000
9016	8956	0.007000
9016	8636	0.004000
9016	8475	0.007000
9016	9029	0.005000
9016	8675	0.003000
9016	8655	0.008000
820	437	0.005000
498	4952	0.110000
17554	8336	0.045000
7567	2640	0.131000
9455	11439	0.002000
6464	10864	0.002000
2275	2339	0.346000
8623	14332	0.017000
638	77	0.029000
638	9562	0.014000
1703	765	0.008000
1703	849	0.001000
13751	17670	0.002000
5533	5533	0.203000
5533	5533	0.256000
1138	17810	0.001000
1138	17811	0.012000
7322	80	0.006000
7322	13160	0.001000
910	312	0.229000
910	314	0.210000
280	4406	0.011000
280	2577	0.221000
4628	5167	0.016000
4628	8726	0.001000
639	77	0.001000
985	6256	0.353000
131	3302	0.007000
131	482	0.003000
131	10542	0.006000
131	11589	0.002000
131	563	0.006000
17536	2532	0.387000
4345	3018	0.009000
4345	2184	0.001000
282	2861	0.339000
11311	2414	0.543000
15972	14294	0.006000
15972	4057	0.001000
15972	14295	0.003000
15972	14296	0.012000
15972	3949	0.010000
15972	14298	0.010000
15972	14299	0.006000
6705	594	0.002000
6705	595	0.004000
6705	633	0.001000
6705	647	0.003000
6705	667	0.002000
1517	3953	0.007000
3399	3385	0.528000
3944	4057	0.001000
3944	7184	0.001000
14815	13159	0.009000
14815	10105	0.071000
3400	8197	0.001000
17670	13750	0.001000
17670	13751	0.002000
15595	7024	0.001000
15595	4646	0.003000
283	2875	0.216000
2288	2240	0.168000
12641	13159	0.008000
12641	3233	0.003000
12641	5566	0.001000
12061	6903	0.003000
12061	109	0.002000
12061	9015	0.001000
12061	9021	0.005000
12061	9031	0.003000
12061	9034	0.001000
3401	8917	0.373000
15044	1093	0.006000
4949	8909	0.020000
13881	781	0.127000
5383	4121	0.001000
5383	4139	0.001000
14184	17453	0.368000
14184	13845	0.320000
12557	4095	0.002000
12557	4096	0.002000
12557	5952	0.001000
12557	524	0.002000
12557	12561	0.001000
4346	9518	0.438000
4346	9532	0.478000
9018	8819	0.002000
9018	9007	0.001000
9018	8475	0.007000
5339	7007	0.003000
6955	4101	0.001000
6955	4107	0.001000
14540	10315	0.001000
8558	2104	0.245000
8558	8037	0.243000
3410	13509	0.153000
2301	1847	0.009000
7181	4869	0.001000
4714	3696	0.001000
6256	985	0.353000
12049	12517	0.174000
12049	3763	0.150000
12049	4679	0.190000
12049	8057	0.187000
7184	3929	0.002000
7184	3932	0.002000
7184	3944	0.001000
7184	1053	0.001000
640	77	0.031000
4347	2131	0.648000
642	77	0.021000
1336	9601	0.001000
1336	5087	0.001000
1336	110	0.001000
1336	5230	0.001000
7639	8743	0.014000
8034	16377	0.246000
8034	5673	0.268000
3418	3259	0.009000
643	77	0.076000
11589	6090	0.002000
11589	131	0.002000
11589	2310	0.002000
6128	6053	0.008000
6128	9990	0.005000
644	77	0.044000
16618	6364	0.004000
3420	3109	0.001000
2310	409	0.001000
2310	2102	0.021000
2310	3302	0.007000
2310	11589	0.002000
2310	2441	0.024000
2310	563	0.006000
3423	1211	0.036000
3423	4703	0.006000
3423	7783	0.011000
3423	10749	0.010000
3423	7791	0.011000
3423	10561	0.009000
3423	10761	0.001000
15319	7103	0.003000
15319	13492	0.001000
15319	3891	0.001000
11316	8901	0.001000
11316	12839	0.001000
11316	849	0.007000
11316	3006	0.002000
6957	3574	0.276000
7055	7024	0.002000
7055	4646	0.004000
17953	16408	0.382000
17953	16409	0.456000
646	77	0.140000
10682	1746	0.001000
13297	1420	0.001000
13297	10612	0.028000
6712	6934	0.003000
6712	4102	0.001000
6531	3103	0.187000
2739	1746	0.003000
2739	849	0.001000
647	77	0.151000
647	6678	0.002000
647	6705	0.003000
10986	5354	0.287000
11727	13626	0.001000
508	583	0.004000
508	584	0.001000
7326	14510	0.090000
7326	2208	0.047000
7326	649	0.103000
2334	4979	0.009000
2334	7003	0.005000
2335	10982	0.002000
5024	15192	0.315000
8037	8558	0.243000
2337	3262	0.202000
14296	14294	0.037000
14296	7312	0.001000
14296	4057	0.001000
14296	14295	0.005000
14296	15972	0.012000
14296	14298	0.014000
7643	10101	0.196000
2339	5989	0.004000
2339	2275	0.346000
12517	12049	0.174000
13020	13023	0.162000
1522	4095	0.001000
1522	4096	0.001000
1522	524	0.001000
5566	13160	0.002000
5566	12641	0.001000
5566	10729	0.004000
13573	11439	0.061000
13357	9171	0.179000
7328	6592	0.003000
7328	7477	0.002000
16069	13160	0.006000
5568	3931	0.001000
8109	8634	0.004000
8109	396	0.032000
13298	16891	0.035000
9210	2770	0.001000
9210	6767	0.001000
9895	7234	0.006000
17810	1138	0.001000
12477	12533	0.001000
12477	11297	0.001000
12477	11309	0.001000
12477	12536	0.001000
12477	11320	0.001000
12477	11324	0.001000
12477	11328	0.001000
12477	11339	0.001000
12477	11337	0.001000
8197	3400	0.001000
12599	3504	0.482000
649	9108	0.141000
649	7326	0.103000
649	9525	0.117000
649	9533	0.023000
7511	15321	0.001000
7511	12071	0.005000
9192	7144	0.001000
3440	8885	0.016000
8634	8109	0.004000
16609	15278	0.001000
16609	10890	0.003000
4898	5529	0.002000
18005	18006	0.257000
651	77	0.017000
4352	5353	0.006000
292	11930	0.005000
3442	15745	0.346000
10450	2904	0.001000
9235	3359	0.008000
9235	700	0.003000
9235	3726	0.003000
11318	11286	0.008000
11318	7612	0.009000
11318	8110	0.009000
11318	8111	0.009000
11318	8112	0.009000
11318	8113	0.009000
11318	8116	0.009000
11318	8117	0.009000
11318	8122	0.009000
11318	8123	0.009000
11318	8131	0.009000
11318	8132	0.009000
11318	8136	0.009000
11318	7669	0.009000
11318	4417	0.009000
7894	2232	0.695000
8110	12532	0.009000
8110	12533	0.009000
8110	11297	0.009000
8110	11309	0.009000
8110	11318	0.009000
8110	12536	0.009000
8110	11320	0.009000
8110	11321	0.009000
8110	11324	0.009000
8110	11328	0.009000
8110	11337	0.009000
8110	11339	0.009000
8110	11345	0.009000
8110	11337	0.009000
8110	12538	0.009000
2353	7576	0.292000
2353	2008	0.272000
3444	3385	0.458000
13598	12097	0.001000
13598	13607	0.002000
10100	10097	0.037000
10100	10104	0.037000
10100	3791	0.016000
15859	1108	0.001000
14719	6825	0.002000
15596	7024	0.001000
7192	4057	0.001000
699	684	0.420000
16132	1289	0.208000
9301	1799	0.001000
12682	18023	0.329000
3949	14295	0.001000
3949	15972	0.010000
11319	11297	0.001000
11319	11326	0.001000
11319	11339	0.001000
2357	3936	0.001000
2357	2542	0.004000
1451	14332	0.014000
7195	15342	0.001000
9021	15166	0.002000
9021	8472	0.002000
9021	12061	0.005000
9021	9022	0.011000
14316	8743	0.024000
9866	4936	0.001000
9866	9015	0.001000
9866	16606	0.011000
9866	9031	0.003000
9866	8675	0.001000
1727	11930	0.009000
15154	1746	0.001000
4359	4259	0.001000
4359	3239	0.001000
4359	10187	0.184000
4359	5049	0.001000
6314	3359	0.005000
6720	5212	0.602000
4139	773	0.002000
4139	4521	0.002000
4139	1101	0.006000
4139	7144	0.001000
4139	5383	0.001000
4139	1195	0.002000
3457	80	0.508000
3457	9562	0.309000
8111	12532	0.009000
8111	12533	0.009000
8111	11297	0.009000
8111	11309	0.009000
8111	11318	0.009000
8111	12536	0.009000
8111	11320	0.009000
8111	11321	0.009000
8111	11324	0.009000
8111	11328	0.009000
8111	11337	0.009000
8111	11339	0.009000
8111	11345	0.009000
8111	11337	0.009000
8111	12538	0.009000
2364	3543	0.478000
4366	2159	0.001000
17453	8904	0.211000
17453	14184	0.368000
17453	13845	0.289000
17453	3622	0.270000
9640	8939	0.003000
2366	5529	0.003000
7812	3696	0.001000
7812	3359	0.071000
10729	9724	0.055000
10729	9725	0.020000
10729	12249	0.005000
10729	5566	0.004000
10729	3499	0.200000
3461	2159	0.117000
3461	10209	0.063000
8877	5331	0.389000
1053	7184	0.001000
8112	12532	0.009000
8112	12533	0.009000
8112	11297	0.009000
8112	11309	0.009000
8112	11318	0.009000
8112	12536	0.009000
8112	11320	0.009000
8112	11321	0.009000
8112	11324	0.009000
8112	11328	0.009000
8112	11337	0.009000
8112	11339	0.009000
8112	11344	0.009000
8112	11345	0.009000
8112	11337	0.009000
8112	12538	0.009000
8040	5236	0.157000
152	6539	0.188000
10895	2937	0.899000
9750	16498	0.627000
7202	14058	0.002000
7334	3262	0.218000
6724	765	0.001000
3464	4650	0.001000
1733	1765	0.001000
6963	8352	0.001000
6963	5876	0.001000
8113	12532	0.009000
8113	12533	0.009000
8113	11297	0.009000
8113	11309	0.009000
8113	11318	0.009000
8113	12536	0.009000
8113	11320	0.009000
8113	11321	0.009000
8113	11324	0.009000
8113	11326	0.009000
8113	11328	0.009000
8113	11337	0.009000
8113	11339	0.009000
8113	11344	0.009000
8113	11345	0.009000
8113	11337	0.009000
8113	12538	0.009000
14278	15161	0.002000
924	77	0.007000
10595	11443	0.169000
13793	6664	0.493000
1346	1385	0.001000
16215	10925	0.259000
16215	13591	0.277000
1735	7339	0.004000
4950	8939	0.002000
4950	3364	0.003000
12536	11286	0.008000
12536	7612	0.009000
12536	12477	0.001000
12536	8110	0.009000
12536	8111	0.009000
12536	8112	0.009000
12536	8113	0.009000
12536	8116	0.009000
12536	8117	0.009000
12536	8122	0.009000
12536	8123	0.009000
12536	8131	0.009000
12536	8132	0.009000
12536	8136	0.009000
12536	7669	0.009000
12536	4417	0.009000
16209	6842	0.276000
11320	11286	0.008000
11320	7612	0.009000
11320	12477	0.001000
11320	8110	0.009000
11320	8111	0.009000
11320	8112	0.009000
11320	8113	0.009000
11320	8116	0.009000
11320	8117	0.009000
11320	8122	0.009000
11320	8123	0.009000
11320	8131	0.009000
11320	8132	0.009000
11320	8136	0.009000
11320	7669	0.009000
11320	4417	0.009000
8451	7361	0.241000
4643	17415	0.176000
8636	1851	0.011000
8636	9016	0.004000
8636	3952	0.001000
11321	7612	0.009000
11321	8110	0.009000
11321	8111	0.009000
11321	8112	0.009000
11321	8113	0.009000
11321	8116	0.009000
11321	8117	0.009000
11321	8122	0.009000
11321	8123	0.009000
11321	8131	0.009000
11321	8132	0.009000
11321	8136	0.009000
11321	7669	0.009000
11321	4417	0.009000
524	1477	0.002000
524	1837	0.001000
524	5073	0.001000
524	10815	0.001000
524	8516	0.003000
524	9604	0.003000
524	9605	0.002000
524	8521	0.002000
524	1505	0.001000
524	8945	0.002000
524	11967	0.001000
524	1322	0.001000
524	812	0.001000
524	5166	0.001000
524	9616	0.001000
524	12557	0.002000
524	1522	0.001000
524	8857	0.002000
524	850	0.001000
524	4112	0.004000
524	1540	0.001000
524	1548	0.002000
700	1286	0.001000
700	6647	0.006000
700	9521	0.007000
700	8953	0.002000
700	9235	0.003000
700	3521	0.001000
11982	10169	0.001000
7339	1565	0.004000
7339	1735	0.004000
7339	1790	0.004000
13876	15321	0.001000
153	6493	0.283000
153	8553	0.269000
17039	13948	0.001000
17039	4021	0.002000
8116	12532	0.009000
8116	12533	0.009000
8116	11297	0.009000
8116	11309	0.009000
8116	11318	0.009000
8116	12536	0.009000
8116	11320	0.009000
8116	11321	0.009000
8116	11324	0.009000
8116	11328	0.009000
8116	11337	0.009000
8116	11339	0.009000
8116	11345	0.009000
8116	11337	0.009000
8116	12538	0.009000
14735	1483	0.014000
9022	8819	0.002000
9022	9007	0.001000
9022	109	0.003000
9022	8472	0.009000
9022	9021	0.011000
9022	3952	0.024000
9022	8674	0.001000
9022	8475	0.014000
9022	16606	0.014000
9022	9032	0.001000
9022	9034	0.004000
8965	8924	0.007000
657	9870	0.327000
14264	7609	0.527000
11324	11286	0.008000
11324	7612	0.009000
11324	12477	0.001000
11324	8110	0.009000
11324	8111	0.009000
11324	8112	0.009000
11324	8113	0.009000
11324	8116	0.009000
11324	8117	0.009000
11324	8122	0.009000
11324	8123	0.009000
11324	8131	0.009000
11324	8132	0.009000
11324	8136	0.009000
11324	7669	0.009000
11324	4417	0.009000
5293	5934	0.014000
5293	3696	0.001000
5293	8231	0.006000
5293	8234	0.010000
10551	14060	0.001000
14496	6850	0.003000
2388	2184	0.001000
8117	12532	0.009000
8117	12533	0.009000
8117	11297	0.009000
8117	11309	0.009000
8117	11318	0.009000
8117	12536	0.009000
8117	11320	0.009000
8117	11321	0.009000
8117	11324	0.009000
8117	11328	0.009000
8117	11337	0.009000
8117	11339	0.009000
8117	11344	0.009000
8117	11345	0.009000
8117	11337	0.009000
8117	12538	0.009000
8262	10393	0.001000
3712	5934	0.015000
3712	3696	0.001000
3712	6668	0.002000
3712	8231	0.009000
3712	8234	0.013000
3712	702	0.011000
382	13091	0.001000
382	1746	0.002000
382	849	0.002000
382	5230	0.001000
382	8726	0.001000
4107	6955	0.001000
4107	6965	0.001000
4376	1213	0.008000
4376	3359	0.219000
4376	4213	0.015000
1348	4533	0.003000
1348	791	0.009000
1348	453	0.001000
1348	82	0.003000
1348	812	0.011000
1348	6540	0.002000
1348	844	0.008000
1348	850	0.009000
1348	4544	0.011000
6965	5073	0.011000
6965	241	0.004000
6965	1322	0.004000
6965	5166	0.014000
6965	4101	0.001000
6965	4107	0.001000
6965	4110	0.001000
6965	2461	0.001000
1154	8266	0.001000
2942	2867	0.506000
4646	16597	0.001000
4646	14382	0.002000
4646	15595	0.003000
4646	7055	0.004000
8540	10163	0.473000
741	872	0.002000
8043	6842	0.189000
2398	5119	0.258000
2398	3261	0.194000
2398	3520	0.007000
2398	2531	0.021000
2398	3657	0.274000
3475	219	0.146000
11326	7612	0.009000
11326	11319	0.001000
11326	8113	0.009000
11326	8136	0.009000
11326	7669	0.009000
4380	9228	0.414000
4380	3359	0.071000
4380	4213	0.003000
13014	9601	0.002000
13014	5087	0.001000
13014	110	0.001000
13014	5230	0.001000
4650	3464	0.001000
9990	6128	0.005000
8122	12532	0.009000
8122	12533	0.009000
8122	11297	0.009000
8122	11309	0.009000
8122	11318	0.009000
8122	12536	0.009000
8122	11320	0.009000
8122	11321	0.009000
8122	11324	0.009000
8122	11328	0.009000
8122	11337	0.009000
8122	11339	0.009000
8122	11345	0.009000
8122	11337	0.009000
8122	12538	0.009000
11328	11286	0.008000
11328	7612	0.009000
11328	12477	0.001000
11328	8110	0.009000
11328	8111	0.009000
11328	8112	0.009000
11328	8113	0.009000
11328	8116	0.009000
11328	8117	0.009000
11328	8122	0.009000
11328	8123	0.009000
11328	8131	0.009000
11328	8132	0.009000
11328	8136	0.009000
11328	7669	0.009000
11328	4417	0.009000
13392	10911	0.393000
13392	9993	0.382000
532	17505	0.257000
532	16131	0.240000
4540	791	0.012000
4540	812	0.015000
4540	844	0.011000
4540	850	0.013000
4540	4544	0.015000
4540	1548	0.001000
8971	3005	0.001000
8123	12532	0.009000
8123	12533	0.009000
8123	11297	0.009000
8123	11309	0.009000
8123	11318	0.009000
8123	12536	0.009000
8123	11320	0.009000
8123	11321	0.009000
8123	11324	0.009000
8123	11328	0.009000
8123	11337	0.009000
8123	11339	0.009000
8123	11345	0.009000
8123	11337	0.009000
8123	12538	0.009000
13905	4046	0.004000
659	77	0.017000
5190	8097	0.373000
7387	1366	0.001000
7387	2641	0.001000
4385	3491	0.670000
4385	5712	0.867000
7913	7900	0.001000
7913	7915	0.001000
3481	3370	0.776000
3484	122	0.716000
2414	11311	0.543000
3487	1213	0.001000
3487	3359	0.058000
3487	4213	0.003000
535	6844	0.200000
8975	8924	0.010000
2416	431	0.002000
3491	4385	0.670000
1746	10682	0.001000
1746	2739	0.003000
1746	15154	0.001000
1746	382	0.002000
1746	17131	0.001000
1746	15262	0.003000
1746	18162	0.002000
1746	15580	0.001000
1746	5671	0.004000
1746	15884	0.003000
5712	4385	0.867000
13775	13772	0.001000
2422	1612	0.214000
2422	1996	0.001000
2422	5234	0.026000
12729	4121	0.001000
12729	14115	0.001000
12729	6296	0.001000
14298	7146	0.002000
14298	14294	0.009000
14298	15972	0.010000
14298	14296	0.014000
14298	16205	0.001000
3881	7220	0.001000
5587	1851	0.002000
3763	12049	0.150000
6539	152	0.188000
6825	10393	0.001000
6825	14719	0.002000
6825	5902	0.003000
6825	2854	0.002000
3496	8885	0.004000
15192	5024	0.315000
2431	2200	0.021000
3499	9723	0.171000
3499	3918	0.207000
3499	10729	0.200000
7657	2562	0.395000
11551	1799	0.001000
300	4254	0.013000
300	4403	0.440000
4110	7615	0.001000
4110	5149	0.001000
4110	6965	0.001000
9496	4574	0.001000
9496	7422	0.010000
8857	4095	0.002000
8857	4096	0.002000
8857	524	0.002000
8857	14060	0.001000
12679	12680	0.014000
12680	12679	0.014000
9525	14510	0.098000
9525	2208	0.049000
9525	649	0.117000
2441	1273	0.025000
2441	6090	0.021000
2441	2310	0.024000
2441	583	0.025000
1354	1327	0.025000
6540	1348	0.002000
6540	849	0.009000
6540	323	0.001000
6540	6891	0.004000
6736	7422	0.007000
14817	7422	0.001000
14817	13948	0.004000
15342	7422	0.005000
15342	4785	0.004000
15342	13948	0.003000
15342	7195	0.001000
6737	7422	0.001000
2444	2124	0.001000
7529	17349	0.001000
17415	6093	0.185000
17415	4643	0.176000
17415	7082	0.164000
6225	9139	0.295000
3504	12599	0.482000
5902	6825	0.003000
5194	3942	0.029000
4391	9518	0.202000
4391	9532	0.230000
5196	5215	0.107000
2451	6883	0.007000
1159	8266	0.001000
701	687	0.679000
701	690	0.895000
13106	7092	0.002000
15745	3442	0.346000
4066	702	0.300000
13712	4256	0.176000
13712	872	0.002000
13712	579	0.160000
8266	4167	0.001000
8266	7049	0.001000
8266	1154	0.001000
8266	1159	0.001000
3508	3704	0.820000
4392	1213	0.004000
4392	10768	0.046000
4392	3359	0.329000
4392	4213	0.011000
1242	10768	0.160000
1242	3359	0.699000
1242	3707	0.010000
1242	8049	0.004000
1754	849	0.001000
3952	8819	0.007000
3952	9000	0.001000
3952	4953	0.003000
3952	109	0.002000
3952	8636	0.001000
3952	9022	0.024000
3952	16606	0.013000
3952	8675	0.002000
3952	12708	0.007000
3952	8655	0.001000
9171	13357	0.179000
702	3712	0.011000
702	4066	0.300000
9237	80	0.029000
9237	13160	0.005000
8674	9022	0.001000
7214	5210	0.167000
6840	10097	0.037000
6840	10104	0.036000
6840	3791	0.003000
2888	2945	0.638000
11337	7612	0.009000
11337	8110	0.009000
11337	8111	0.009000
11337	8112	0.009000
11337	8113	0.009000
11337	8116	0.009000
11337	8117	0.009000
11337	8122	0.009000
11337	8123	0.009000
11337	8131	0.009000
11337	8132	0.009000
11337	8136	0.009000
11337	7669	0.009000
11337	4417	0.009000
8131	12532	0.009000
8131	12533	0.009000
8131	11297	0.009000
8131	11309	0.009000
8131	11318	0.009000
8131	12536	0.009000
8131	11320	0.009000
8131	11321	0.009000
8131	11324	0.009000
8131	11328	0.009000
8131	11337	0.009000
8131	11339	0.009000
8131	11344	0.009000
8131	11345	0.009000
8131	11337	0.009000
8131	12538	0.009000
8132	12532	0.009000
8132	12533	0.009000
8132	11297	0.009000
8132	11309	0.009000
8132	11318	0.009000
8132	12536	0.009000
8132	11320	0.009000
8132	11321	0.009000
8132	11324	0.009000
8132	11328	0.009000
8132	11337	0.009000
8132	11339	0.009000
8132	11344	0.009000
8132	11345	0.009000
8132	11337	0.009000
8132	12538	0.009000
11339	7612	0.009000
11339	12477	0.001000
11339	8110	0.009000
11339	11319	0.001000
11339	8111	0.009000
11339	8112	0.009000
11339	8113	0.009000
11339	8116	0.009000
11339	8117	0.009000
11339	8122	0.009000
11339	8123	0.009000
11339	8131	0.009000
11339	8132	0.009000
11339	8136	0.009000
11339	7669	0.009000
11339	4417	0.009000
11553	4397	0.035000
11553	1537	0.077000
11553	563	0.038000
6883	2451	0.007000
11769	20	0.181000
2461	6965	0.001000
2461	3953	0.001000
11554	6022	0.011000
11554	4397	0.035000
11554	1537	0.077000
11554	563	0.038000
5353	6832	0.181000
5353	4314	0.008000
5353	4352	0.006000
5353	3524	0.008000
5353	2574	0.005000
3953	8896	0.006000
3953	8898	0.003000
3953	3987	0.006000
3953	8900	0.007000
3953	1517	0.007000
3953	2461	0.001000
3953	7996	0.009000
5354	10986	0.287000
2463	10833	0.515000
14475	11439	0.007000
2468	14510	0.001000
17118	2542	0.002000
11656	6281	0.002000
661	77	0.064000
3520	3019	0.022000
3520	866	0.037000
3520	2398	0.007000
3520	3078	0.015000
15864	9812	0.242000
15864	8183	0.230000
10101	1211	0.011000
10101	4703	0.002000
10101	7783	0.007000
10101	10749	0.007000
10101	7643	0.196000
10101	7791	0.007000
10101	10561	0.003000
4013	10470	0.001000
6741	686	0.006000
6741	10156	0.038000
6741	3385	0.018000
2999	5618	0.642000
5601	1851	0.002000
6742	1851	0.003000
5715	6989	0.289000
3521	700	0.001000
4397	416	0.039000
4397	417	0.026000
4397	470	0.031000
4397	11553	0.035000
4397	11554	0.035000
4397	11563	0.024000
4397	11567	0.028000
4397	11568	0.033000
4397	11569	0.031000
4397	11570	0.036000
4397	11571	0.027000
4397	11572	0.035000
4397	11573	0.035000
4397	584	0.040000
844	9601	0.001000
844	5087	0.003000
844	798	0.004000
844	799	0.002000
844	110	0.002000
844	1348	0.008000
844	4540	0.011000
844	5230	0.002000
5607	8471	0.002000
5607	10864	0.006000
2485	1322	0.001000
6971	6905	0.001000
13845	14184	0.320000
13845	17453	0.289000
13845	10036	0.002000
6749	865	0.289000
6749	9224	0.140000
6749	10559	0.132000
2489	3926	0.010000
2489	3987	0.005000
2489	11612	0.011000
3524	5353	0.008000
5612	951	0.007000
663	77	0.048000
14204	567	0.566000
10864	3857	0.005000
10864	6464	0.002000
10864	5607	0.006000
664	77	0.030000
665	77	0.034000
17131	1746	0.001000
7749	870	0.286000
9238	3326	0.002000
9562	638	0.014000
9562	3457	0.309000
5207	13868	0.190000
5207	5208	0.002000
8475	9004	0.001000
8475	9015	0.001000
8475	7566	0.005000
8475	9016	0.007000
8475	9018	0.007000
8475	9022	0.014000
8475	9029	0.004000
8475	16606	0.006000
8475	8675	0.002000
9650	951	0.014000
3529	2159	0.156000
3529	10209	0.093000
667	77	0.117000
667	6678	0.001000
667	6705	0.002000
668	77	0.088000
668	6678	0.001000
1765	1733	0.001000
5618	2999	0.642000
4773	4035	0.001000
4773	4046	0.001000
9993	7576	0.899000
9993	9286	0.176000
9993	13392	0.382000
9264	5215	0.089000
5208	5207	0.002000
7662	480	0.002000
11771	11641	0.239000
11771	6850	0.006000
5385	747	0.001000
8776	2861	0.226000
4403	2879	0.015000
4403	300	0.440000
2854	6825	0.002000
17409	15603	0.600000
15165	322	0.352000
5210	8483	0.098000
5210	9161	0.175000
5210	7214	0.167000
9805	15321	0.001000
9805	12071	0.005000
5212	6720	0.602000
6756	4034	0.001000
6756	7119	0.001000
6756	3331	0.166000
7217	13932	0.001000
7915	7913	0.001000
7915	951	0.011000
17505	532	0.257000
4404	2159	0.269000
4404	10209	0.150000
3541	9518	0.065000
3541	9532	0.070000
3062	568	0.813000
5631	10464	0.449000
3543	1962	0.001000
3543	5114	0.168000
3543	2364	0.478000
5215	5196	0.107000
5215	9264	0.089000
4406	4283	0.022000
4406	7609	0.179000
4406	280	0.011000
2721	1963	0.014000
4016	8901	0.004000
4016	10315	0.029000
3544	5876	0.001000
3544	849	0.003000
3544	3006	0.001000
3544	8726	0.002000
11816	849	0.004000
11816	5230	0.002000
11816	6891	0.002000
7220	3843	0.001000
7220	3881	0.001000
550	402	0.001000
550	409	0.004000
550	6022	0.005000
550	2084	0.003000
550	482	0.038000
550	1537	0.118000
8348	453	0.001000
8348	12097	0.024000
8348	11862	0.001000
16617	1651	0.100000
16617	7761	0.001000
15321	7511	0.001000
15321	13876	0.001000
15321	9805	0.001000
4145	2933	0.004000
4408	3085	0.241000
4408	8743	0.012000
1195	4121	0.002000
1195	4139	0.002000
7761	16617	0.001000
7791	888	0.001000
7791	3423	0.011000
7791	10101	0.007000
4409	8726	0.001000
4409	10315	0.002000
307	8352	0.001000
307	1620	0.037000
5852	9615	0.002000
5852	9627	0.002000
5852	9628	0.002000
3552	16590	0.214000
9627	5852	0.002000
9628	5852	0.002000
8049	2864	0.006000
8049	1242	0.004000
8049	4411	0.011000
3555	6932	0.290000
747	5385	0.001000
5640	1851	0.002000
3891	15319	0.001000
13965	7432	0.006000
6765	10097	0.005000
6765	10104	0.004000
5361	2861	0.004000
4069	1017	0.847000
673	77	0.028000
8502	1423	0.001000
9029	7566	0.003000
9029	9016	0.005000
9029	8475	0.004000
6767	9210	0.001000
4411	10768	0.095000
4411	3359	0.507000
4411	8049	0.011000
4411	10107	0.009000
8983	10669	0.002000
8983	9793	0.005000
2516	1296	0.399000
3894	1188	0.001000
10104	6829	0.001000
10104	3163	0.039000
10104	10100	0.037000
10104	6840	0.036000
10104	6765	0.004000
10105	13158	0.071000
10105	3707	0.012000
10105	14815	0.071000
3562	5120	0.003000
3562	3942	0.021000
12335	2937	0.899000
3064	13654	0.003000
12120	6620	0.007000
12120	6658	0.003000
4413	462	0.196000
5653	1851	0.001000
5653	4986	0.132000
5653	5016	0.126000
1464	13576	0.008000
849	5073	0.009000
849	864	0.001000
849	8352	0.007000
849	241	0.003000
849	1962	0.001000
849	5876	0.004000
849	1991	0.001000
849	447	0.002000
849	453	0.004000
849	82	0.001000
849	101	0.002000
849	8611	0.015000
849	1322	0.004000
849	5166	0.012000
849	1703	0.001000
849	11316	0.007000
849	2739	0.001000
849	382	0.002000
849	6540	0.009000
849	1754	0.001000
849	3544	0.003000
849	11816	0.004000
849	850	0.008000
849	2744	0.002000
849	2612	0.003000
849	1380	0.004000
849	10600	0.003000
3003	6784	0.339000
5655	3091	0.003000
17555	8336	0.020000
4415	6827	0.001000
850	9601	0.004000
850	5087	0.006000
850	798	0.004000
850	799	0.003000
850	4095	0.001000
850	4096	0.001000
850	110	0.006000
850	524	0.001000
850	1348	0.009000
850	4540	0.013000
850	849	0.008000
850	5230	0.006000
4678	2119	0.001000
8136	12532	0.009000
8136	12533	0.009000
8136	11297	0.009000
8136	11309	0.009000
8136	11318	0.009000
8136	12536	0.009000
8136	11320	0.009000
8136	11321	0.009000
8136	11324	0.009000
8136	11326	0.009000
8136	11328	0.009000
8136	11337	0.009000
8136	11339	0.009000
8136	11344	0.009000
8136	11345	0.009000
8136	11337	0.009000
8136	12538	0.009000
11344	7612	0.009000
11344	8112	0.009000
11344	8113	0.009000
11344	8117	0.009000
11344	8131	0.009000
11344	8132	0.009000
11344	8136	0.009000
11344	7669	0.009000
11344	4417	0.009000
946	3696	0.001000
946	3359	0.038000
11345	11286	0.008000
11345	7612	0.009000
11345	8110	0.009000
11345	8111	0.009000
11345	8112	0.009000
11345	8113	0.009000
11345	8116	0.009000
11345	8117	0.009000
11345	8122	0.009000
11345	8123	0.009000
11345	8131	0.009000
11345	8132	0.009000
11345	8136	0.009000
11345	7669	0.009000
11345	4417	0.009000
7669	12532	0.009000
7669	12533	0.009000
7669	11297	0.009000
7669	11303	0.009000
7669	11309	0.009000
7669	11318	0.009000
7669	12536	0.009000
7669	11320	0.009000
7669	11321	0.009000
7669	11324	0.009000
7669	11326	0.009000
7669	11328	0.009000
7669	11337	0.009000
7669	11339	0.009000
7669	11344	0.009000
7669	11345	0.009000
7669	11337	0.009000
7669	12538	0.009000
14612	8515	0.270000
4417	12532	0.009000
4417	12533	0.009000
4417	11297	0.009000
4417	11309	0.009000
4417	11318	0.009000
4417	12536	0.009000
4417	11320	0.009000
4417	11321	0.009000
4417	11324	0.009000
4417	11328	0.009000
4417	11337	0.009000
4417	11339	0.009000
4417	11344	0.009000
4417	11345	0.009000
4417	11337	0.009000
4417	12538	0.009000
6230	12993	0.451000
14299	12867	0.002000
14299	14294	0.003000
14299	14295	0.001000
14299	15972	0.006000
14299	14301	0.002000
9870	657	0.327000
3569	3262	0.056000
3569	3326	0.006000
13654	16498	0.112000
13654	3064	0.003000
1172	3331	0.168000
5230	329	0.005000
5230	1279	0.001000
5230	8352	0.005000
5230	788	0.001000
5230	791	0.004000
5230	67	0.001000
5230	447	0.001000
5230	8901	0.001000
5230	9430	0.001000
5230	812	0.004000
5230	906	0.001000
5230	1336	0.001000
5230	382	0.001000
5230	13014	0.001000
5230	844	0.002000
5230	11816	0.002000
5230	850	0.006000
5230	3006	0.001000
5230	4544	0.006000
5230	2612	0.003000
5533	5533	0.302000
5533	5533	0.256000
2530	3603	0.473000
3573	3679	0.106000
3573	3680	0.111000
3573	3694	0.117000
3573	356	0.160000
3573	3701	0.116000
3573	3725	0.106000
1366	7387	0.001000
4112	4095	0.004000
4112	4096	0.004000
4112	524	0.004000
3574	6957	0.276000
3575	3259	0.006000
2531	2398	0.021000
5929	5931	0.026000
555	5931	0.025000
1367	8147	0.031000
4421	1213	0.004000
4421	3359	0.219000
4421	4213	0.012000
9139	6225	0.295000
2532	2115	0.005000
2532	1313	0.006000
2532	17536	0.387000
2532	4225	0.364000
2532	1383	0.010000
4679	12049	0.190000
312	910	0.229000
14271	255	0.002000
677	77	0.020000
184	413	0.023000
184	565	0.002000
13906	16593	0.011000
2542	2238	0.001000
2542	2357	0.004000
2542	17118	0.002000
16606	6094	0.001000
16606	8472	0.005000
16606	8956	0.004000
16606	9866	0.011000
16606	9022	0.014000
16606	3952	0.013000
16606	8475	0.006000
16606	14128	0.003000
16606	14130	0.002000
16606	9034	0.003000
15262	1746	0.003000
11563	4397	0.024000
11563	1537	0.049000
11563	563	0.027000
6842	6606	0.223000
6842	16209	0.276000
6842	8043	0.189000
9031	8472	0.002000
9031	12061	0.003000
9031	9866	0.003000
16377	8034	0.246000
314	910	0.210000
12561	8945	0.001000
12561	12557	0.001000
8183	15864	0.230000
6267	3320	0.573000
14128	9007	0.001000
14128	8956	0.002000
14128	16606	0.003000
14128	9034	0.001000
5746	461	0.260000
4213	2864	0.012000
4213	2875	0.001000
4213	4376	0.015000
4213	4380	0.003000
4213	3487	0.003000
4213	4392	0.011000
4213	4421	0.012000
3005	8921	0.116000
3005	8929	0.571000
3005	8971	0.001000
8675	1851	0.007000
8675	9005	0.006000
8675	8472	0.001000
8675	7566	0.002000
8675	9016	0.003000
8675	9866	0.001000
8675	3952	0.002000
8675	8475	0.002000
1537	416	0.040000
1537	417	0.064000
1537	470	0.073000
1537	478	0.009000
1537	482	0.188000
1537	11553	0.077000
1537	11554	0.077000
1537	550	0.118000
1537	11563	0.049000
1537	2552	0.001000
1537	11567	0.066000
1537	11568	0.075000
1537	11569	0.071000
1537	11570	0.081000
1537	11571	0.060000
1537	11572	0.077000
1537	11573	0.083000
1537	11576	0.075000
1537	584	0.096000
10163	8540	0.473000
13626	11727	0.001000
2552	1537	0.001000
2554	3259	0.009000
3590	10751	0.089000
949	898	0.591000
950	3259	0.010000
4723	5946	0.002000
563	403	0.001000
563	1273	0.003000
563	416	0.046000
563	417	0.029000
563	9603	0.001000
563	90	0.003000
563	6090	0.007000
563	470	0.034000
563	476	0.031000
563	478	0.005000
563	131	0.006000
563	2310	0.006000
563	11553	0.038000
563	11554	0.038000
563	11563	0.027000
563	6012	0.001000
563	11567	0.031000
563	11568	0.038000
563	4547	0.002000
563	11569	0.034000
563	11570	0.040000
563	11571	0.030000
563	13602	0.002000
563	13602	0.002000
563	11572	0.038000
563	11573	0.039000
563	583	0.003000
563	584	0.044000
4426	2159	0.090000
4426	10209	0.054000
564	1888	0.006000
564	984	0.044000
565	818	0.002000
565	184	0.002000
565	191	0.001000
10169	11982	0.001000
10169	4473	0.003000
10169	16823	0.001000
2558	2159	0.221000
2558	10209	0.182000
10486	9105	0.352000
5931	5929	0.026000
5931	555	0.025000
3006	9601	0.002000
3006	5087	0.001000
3006	8352	0.002000
3006	5876	0.001000
3006	7615	0.002000
3006	8901	0.001000
3006	110	0.001000
3006	11316	0.002000
3006	3544	0.001000
3006	5230	0.001000
3006	8726	0.001000
3006	10315	0.006000
3006	10600	0.001000
4543	5088	0.001000
6827	4415	0.001000
14532	3230	0.472000
8241	10304	0.023000
18023	12682	0.329000
4544	9601	0.006000
4544	5087	0.006000
4544	798	0.004000
4544	799	0.003000
4544	110	0.007000
4544	1348	0.011000
4544	4540	0.015000
4544	5230	0.006000
678	77	0.030000
17237	17236	0.072000
14300	14294	0.003000
14300	14295	0.002000
6346	85	0.010000
14035	6279	0.004000
14035	10394	0.001000
5232	4121	0.001000
5232	4132	0.001000
5232	6296	0.001000
16408	17953	0.382000
16408	16409	0.345000
13435	5934	0.380000
13435	3696	0.005000
13435	8231	0.640000
13435	8234	0.665000
951	7900	0.033000
951	5612	0.007000
951	9650	0.014000
951	7915	0.011000
951	7916	0.013000
2562	7657	0.395000
18162	1746	0.002000
15580	1746	0.001000
16604	1999	0.287000
3901	10890	0.002000
3901	17449	0.002000
5671	1746	0.004000
11337	7612	0.009000
11337	12477	0.001000
11337	8110	0.009000
11337	8111	0.009000
11337	8112	0.009000
11337	8113	0.009000
11337	8116	0.009000
11337	8117	0.009000
11337	8122	0.009000
11337	8123	0.009000
11337	8131	0.009000
11337	8132	0.009000
11337	8136	0.009000
11337	7669	0.009000
11337	4417	0.009000
4433	8740	0.005000
4433	9142	0.002000
13213	3189	0.384000
13576	1387	0.010000
13576	1464	0.008000
2744	849	0.002000
2568	15050	0.171000
6784	3003	0.339000
3602	3726	0.003000
1466	3628	0.153000
5673	8034	0.268000
5367	5687	0.333000
3603	6689	0.473000
3603	2530	0.473000
3791	3163	0.037000
3791	10100	0.016000
3791	6840	0.003000
4021	17039	0.002000
2574	3366	0.150000
2574	10482	0.062000
2574	5353	0.005000
13509	3410	0.153000
6296	773	0.002000
6296	1101	0.009000
6296	7144	0.001000
6296	12729	0.001000
6296	5232	0.001000
3902	13282	0.004000
16131	532	0.240000
2577	4283	0.430000
2577	7609	0.731000
2577	280	0.221000
10973	14060	0.003000
6012	563	0.001000
191	413	0.011000
191	565	0.001000
5234	2422	0.026000
3725	3573	0.106000
192	12554	0.001000
192	5864	0.002000
6786	5692	0.584000
3613	8885	0.117000
9528	10482	0.061000
567	14204	0.566000
1790	7339	0.004000
3726	3677	0.001000
3726	599	0.015000
3726	3186	0.002000
3726	8953	0.007000
3726	9235	0.003000
3726	3602	0.003000
568	3019	0.031000
568	866	0.039000
568	3685	0.160000
568	3042	0.803000
568	3062	0.813000
568	3076	0.048000
568	3078	0.032000
6989	5715	0.289000
5049	5067	0.006000
5049	2184	0.001000
5049	4359	0.001000
4437	2220	0.153000
12538	7612	0.009000
12538	8110	0.009000
12538	8111	0.009000
12538	8112	0.009000
12538	8113	0.009000
12538	8116	0.009000
12538	8117	0.009000
12538	8122	0.009000
12538	8123	0.009000
12538	8131	0.009000
12538	8132	0.009000
12538	8136	0.009000
12538	7669	0.009000
12538	4417	0.009000
10559	11430	0.116000
10559	6749	0.132000
8726	5073	0.005000
8726	447	0.001000
8726	8901	0.002000
8726	1322	0.001000
8726	5166	0.005000
8726	4628	0.001000
8726	382	0.001000
8726	3544	0.002000
8726	4409	0.001000
8726	3006	0.001000
17349	7529	0.001000
15339	9939	0.018000
8242	11439	0.239000
5236	8040	0.157000
16580	8336	0.019000
6557	38	0.019000
6557	13279	0.150000
6557	494	0.244000
2588	1963	0.009000
1540	4095	0.001000
1540	4096	0.001000
1540	3373	0.001000
1540	524	0.001000
10107	4411	0.009000
10233	10238	0.159000
3621	3173	0.018000
3622	17453	0.270000
10975	8924	0.007000
4442	10626	0.160000
15300	13159	0.008000
7234	9895	0.006000
2729	5507	0.001000
2729	2184	0.006000
12707	9034	0.002000
8057	12049	0.187000
9634	219	0.227000
12554	192	0.001000
15884	1746	0.003000
11612	2489	0.011000
10561	1212	0.024000
10561	888	0.087000
10561	6100	0.049000
10561	3423	0.009000
10561	10101	0.003000
10561	10760	0.074000
7082	17415	0.164000
7082	18342	0.346000
1799	1862	0.001000
1799	82	0.002000
1799	9301	0.001000
1799	11551	0.001000
17760	2782	0.001000
12071	7511	0.005000
12071	9805	0.005000
8289	8279	0.078000
8861	8819	0.001000
8861	6903	0.006000
16590	3552	0.214000
7916	951	0.013000
11567	4397	0.028000
11567	1537	0.066000
11567	563	0.031000
3907	5920	0.247000
16437	16437	0.210000
7405	1865	0.332000
3628	2090	0.299000
3628	1466	0.153000
5372	6425	0.038000
3630	3259	0.003000
14334	14332	0.011000
12708	3952	0.007000
5864	192	0.002000
9032	9022	0.001000
8655	1851	0.009000
8655	9016	0.008000
8655	3952	0.001000
5748	10768	0.167000
9530	3696	0.001000
9530	3359	0.006000
9051	199	0.002000
199	9051	0.002000
11862	8348	0.001000
577	3091	0.008000
18006	18005	0.257000
18342	7082	0.346000
3959	3941	0.009000
2944	3366	0.125000
3960	6022	0.009000
14060	10551	0.001000
14060	8857	0.001000
14060	10973	0.003000
11568	4397	0.033000
11568	1537	0.075000
11568	563	0.038000
16593	13906	0.011000
2608	2945	0.001000
9687	5126	0.013000
5867	13063	0.025000
6850	1914	0.005000
6850	14496	0.003000
6850	11771	0.006000
12993	6230	0.451000
14216	14217	0.133000
14216	14218	0.506000
4547	563	0.002000
5681	1273	0.003000
5681	90	0.004000
5681	583	0.003000
2612	5073	0.001000
2612	9601	0.004000
2612	5087	0.003000
2612	8352	0.001000
2612	1934	0.001000
2612	5876	0.002000
2612	5114	0.002000
2612	3235	0.002000
2612	8901	0.001000
2612	110	0.003000
2612	1322	0.001000
2612	12839	0.001000
2612	849	0.003000
2612	5230	0.003000
2612	10315	0.007000
2612	10600	0.001000
4250	4483	0.085000
14217	14216	0.133000
14217	14219	0.135000
10564	10565	0.335000
9142	14073	0.002000
9142	4433	0.002000
9142	10038	0.002000
11569	4397	0.031000
11569	1537	0.071000
11569	563	0.034000
16257	16891	0.059000
11570	6022	0.012000
11570	4397	0.036000
11570	1537	0.081000
11570	563	0.040000
1246	1228	0.762000
1246	6696	0.693000
13023	13020	0.162000
322	15165	0.352000
678	77	0.030000
396	8109	0.032000
4461	3384	0.011000
10235	10238	0.225000
323	6540	0.001000
11571	4397	0.027000
11571	1537	0.060000
11571	563	0.030000
4225	2532	0.364000
16205	4057	0.001000
16205	14298	0.001000
16258	16891	0.058000
6796	75	0.072000
6796	206	0.298000
5240	15739	0.209000
5240	2232	0.676000
6797	3181	0.349000
16259	16891	0.058000
579	13712	0.160000
10565	10564	0.335000
13602	563	0.002000
12949	5934	0.022000
12949	3696	0.001000
12949	8231	0.016000
12949	8234	0.023000
2618	6381	0.005000
10036	3329	0.190000
10036	13845	0.002000
16891	13298	0.035000
16891	16257	0.059000
16891	16258	0.058000
16891	16259	0.058000
13602	563	0.002000
11572	6022	0.011000
11572	4397	0.035000
11572	1537	0.077000
11572	563	0.038000
14130	16606	0.002000
4473	10169	0.003000
1380	5088	0.002000
1380	5167	0.003000
1380	849	0.004000
11573	4397	0.035000
11573	1537	0.083000
11573	563	0.039000
14301	14294	0.003000
14301	14299	0.002000
1383	2532	0.010000
2945	2888	0.638000
2945	2608	0.001000
2732	2019	0.033000
6425	5372	0.038000
206	765	0.014000
206	6615	0.326000
206	6796	0.298000
10238	10233	0.159000
10238	10235	0.225000
10238	10240	0.214000
10238	10241	0.466000
678	77	0.030000
9034	8819	0.002000
9034	1851	0.011000
9034	9005	0.005000
9034	15166	0.001000
9034	7566	0.003000
9034	8956	0.001000
9034	12061	0.001000
9034	9022	0.004000
9034	16606	0.003000
9034	14128	0.001000
9034	12707	0.002000
4483	4250	0.085000
4483	4507	0.545000
3076	568	0.048000
16409	17953	0.456000
16409	16408	0.345000
14458	7028	0.001000
14458	3857	0.002000
3657	3019	0.083000
3657	866	0.140000
3657	2398	0.274000
3657	3078	0.060000
14583	8684	0.003000
680	77	0.015000
1548	4095	0.002000
1548	4096	0.002000
1548	524	0.002000
1548	4540	0.001000
9532	4252	0.476000
9532	4346	0.478000
9532	4391	0.230000
9532	3541	0.070000
11574	273	0.009000
9280	4128	0.010000
10760	1211	0.154000
10760	4703	0.143000
10760	10561	0.074000
10760	10761	0.025000
10760	10569	0.008000
3078	3261	0.070000
3078	3520	0.015000
3078	568	0.032000
3078	3657	0.060000
14218	14216	0.506000
14218	14219	0.514000
14219	14217	0.135000
14219	14218	0.514000
10240	10238	0.214000
8659	14332	0.017000
678	77	0.030000
9533	14510	0.005000
9533	649	0.023000
8917	3401	0.373000
17811	1138	0.012000
1385	1592	0.001000
1385	1670	0.001000
1385	1689	0.001000
1385	1346	0.001000
211	80	0.021000
211	13160	0.002000
681	77	0.127000
17373	17373	0.320000
6804	765	0.009000
7003	2334	0.005000
8246	10535	0.655000
2640	419	0.127000
2640	423	0.130000
2640	7567	0.131000
2641	7387	0.001000
11576	1537	0.075000
10761	1212	0.002000
10761	888	0.009000
10761	6100	0.023000
10761	3423	0.001000
10761	10760	0.025000
10241	10238	0.466000
14015	11439	0.091000
682	77	0.005000
15249	9941	0.004000
10569	1212	0.001000
10569	888	0.004000
10569	6100	0.005000
10569	10760	0.008000
10315	3963	0.001000
10315	864	0.001000
10315	5089	0.001000
10315	39	0.002000
10315	3981	0.002000
10315	1962	0.004000
10315	2142	0.001000
10315	2180	0.004000
10315	11305	0.003000
10315	3358	0.001000
10315	12839	0.004000
10315	14540	0.001000
10315	4016	0.029000
10315	4409	0.002000
10315	3006	0.006000
10315	2612	0.007000
6891	6540	0.004000
6891	11816	0.002000
4507	4483	0.545000
10038	9142	0.002000
16823	10169	0.001000
16605	1999	0.153000
8147	1367	0.031000
17662	17661	0.210000
6844	535	0.200000
5246	3942	0.061000
4513	10626	0.164000
7007	5339	0.003000
7996	3953	0.009000
3080	1281	0.231000
6808	1851	0.007000
6808	7566	0.006000
6808	8956	0.001000
10600	5087	0.004000
10600	6336	0.166000
10600	12839	0.001000
10600	849	0.003000
10600	3006	0.001000
10600	2612	0.001000
583	402	0.004000
583	2102	0.013000
583	508	0.004000
583	2441	0.025000
583	563	0.003000
583	5681	0.003000
13607	13589	0.018000
13607	12097	0.094000
13607	13598	0.002000
584	402	0.001000
584	409	0.003000
584	12493	0.001000
584	482	0.032000
584	508	0.001000
584	4397	0.040000
584	1537	0.096000
584	563	0.044000
