4	23	0.371000
4	6069	0.289000
5	6	0.039000
6	5	0.039000
7	8	0.063000
7	23	0.327000
8	7	0.063000
8	23	0.413000
8	25	0.354000
8	6069	0.310000
9	23	0.350000
9	25	0.233000
9	6069	0.371000
14	15	0.047000
14	1610	0.326000
14	5554	0.274000
15	14	0.047000
15	16	0.050000
15	17	0.053000
15	1610	0.264000
16	15	0.050000
16	17	0.051000
16	1610	0.227000
17	15	0.053000
17	16	0.051000
17	1610	0.238000
23	4	0.371000
23	7	0.327000
23	8	0.413000
23	9	0.350000
23	25	0.507000
23	6028	0.238000
25	8	0.354000
25	9	0.233000
25	23	0.507000
25	6028	0.232000
35	220	0.016000
35	442	0.084000
35	997	0.025000
35	1616	0.037000
35	1785	0.016000
35	2713	0.088000
35	3128	0.024000
35	3372	0.036000
35	3858	0.013000
35	4293	0.041000
35	5101	0.025000
35	6001	0.084000
41	2195	0.078000
41	2763	0.106000
41	3458	0.153000
41	3892	0.156000
41	4485	0.156000
44	5359	0.046000
48	339	0.171000
48	383	0.164000
48	524	0.146000
48	1993	0.102000
48	2175	0.158000
48	3010	0.143000
48	3362	0.170000
48	5798	0.147000
50	2109	0.232000
65	5749	0.210000
66	1086	0.230000
66	1620	0.288000
66	5338	0.135000
67	1833	0.260000
67	2462	0.031000
69	5844	0.019000
76	1038	0.359000
85	4061	0.028000
91	92	0.029000
92	91	0.029000
92	1015	0.040000
93	5872	0.015000
124	4441	0.130000
131	2875	0.014000
136	137	0.303000
136	2878	0.015000
136	4359	0.016000
136	4457	0.019000
137	136	0.303000
137	2878	0.015000
137	4359	0.015000
137	4457	0.016000
153	3833	0.206000
156	432	0.024000
156	1515	0.054000
156	2320	0.030000
156	2332	0.130000
156	4018	0.040000
156	6240	0.051000
163	479	0.073000
163	1618	0.079000
163	1833	0.202000
163	2213	0.095000
163	4191	0.086000
163	6204	0.087000
167	349	0.014000
167	1413	0.457000
167	3972	0.252000
167	5196	0.202000
167	5368	0.226000
167	5440	0.203000
167	6201	0.212000
179	1636	0.301000
179	2511	0.216000
179	5177	0.300000
180	3430	0.017000
183	1114	0.216000
183	1679	0.120000
183	1776	0.078000
183	2005	0.242000
183	2554	0.272000
183	3766	0.201000
184	285	0.034000
184	4151	0.098000
184	5560	0.096000
184	5682	0.100000
187	2671	0.164000
187	4076	0.099000
187	6387	0.240000
199	910	0.221000
199	4035	0.288000
211	1781	0.015000
211	2601	0.024000
211	3685	0.049000
211	5378	0.058000
213	758	0.214000
213	4701	0.117000
213	5023	0.177000
217	454	0.210000
217	866	0.256000
217	976	0.203000
217	1068	0.212000
217	1784	0.014000
217	1857	0.257000
217	1901	0.231000
217	2082	0.211000
217	2088	0.283000
217	2801	0.251000
217	2986	0.369000
217	3106	0.229000
217	3208	0.225000
217	3677	0.299000
217	5984	0.210000
217	6096	0.256000
220	35	0.016000
220	442	0.084000
220	1616	0.037000
220	1785	0.015000
220	2713	0.088000
220	3128	0.025000
220	3372	0.036000
220	3858	0.016000
220	4293	0.043000
220	5101	0.025000
220	6001	0.087000
221	6267	0.220000
225	4849	0.521000
232	1798	0.014000
232	3674	0.507000
238	1731	0.207000
238	2937	0.206000
238	3979	0.436000
238	4369	0.452000
238	4465	0.432000
238	5354	0.292000
238	5790	0.225000
238	6233	0.269000
238	6288	0.216000
245	302	0.293000
245	3449	0.144000
245	4890	0.319000
245	5077	0.217000
263	1018	0.017000
264	4648	0.062000
265	5963	0.199000
268	2686	0.062000
273	4822	0.035000
284	1027	0.018000
285	184	0.034000
285	4151	0.091000
285	5560	0.089000
285	5682	0.095000
288	300	0.029000
289	2501	0.188000
292	865	0.174000
292	872	0.092000
292	926	0.118000
292	1515	0.193000
292	1559	0.171000
292	1966	0.141000
292	2191	0.199000
292	3263	0.079000
292	3670	0.081000
292	4688	0.125000
292	5201	0.079000
292	5331	0.149000
292	5724	0.151000
292	6037	0.164000
292	6101	0.083000
292	6107	0.110000
295	1030	0.013000
295	1833	0.337000
295	4462	0.229000
295	6027	0.224000
300	288	0.029000
302	245	0.293000
302	3449	0.507000
304	3737	0.213000
311	1044	0.014000
315	659	0.040000
315	1051	0.030000
326	2148	0.173000
333	608	0.028000
333	1069	0.018000
333	1183	0.093000
333	1545	0.028000
333	1650	0.065000
333	3767	0.037000
333	5335	0.045000
333	6166	0.068000
334	404	0.171000
334	514	0.202000
334	1069	0.032000
334	1545	0.032000
334	1650	0.071000
334	2481	0.048000
334	3767	0.042000
334	5160	0.074000
334	5335	0.046000
339	48	0.171000
339	383	0.222000
339	524	0.155000
339	1993	0.156000
339	2175	0.089000
339	3010	0.148000
339	3362	0.141000
339	5798	0.149000
345	772	0.090000
345	891	0.144000
345	1434	0.059000
345	1719	0.130000
345	2306	0.106000
345	2545	0.200000
345	2986	0.307000
345	3399	0.257000
345	3702	0.169000
345	3868	0.170000
345	4321	0.150000
345	4636	0.078000
345	5055	0.284000
345	5223	0.165000
345	5606	0.056000
345	5968	0.166000
345	6209	0.117000
349	167	0.014000
349	1413	0.457000
349	3972	0.252000
349	5196	0.202000
349	5368	0.226000
349	5440	0.203000
349	6201	0.212000
350	2495	0.020000
354	3395	0.105000
354	5185	0.119000
354	5411	0.117000
355	1673	0.243000
355	2718	0.222000
355	3421	0.251000
355	5055	0.265000
355	5836	0.204000
355	6229	0.251000
364	5368	0.219000
376	3695	0.081000
376	4569	0.238000
376	5749	0.050000
383	48	0.164000
383	339	0.222000
383	524	0.184000
383	1993	0.150000
383	2175	0.217000
383	3010	0.192000
383	3362	0.202000
383	5798	0.179000
384	2166	0.203000
386	6260	0.018000
387	1196	0.053000
387	4872	0.354000
387	5700	0.238000
387	6266	0.013000
390	6267	0.025000
395	1096	0.071000
395	4504	0.060000
395	4816	0.064000
398	954	0.193000
398	1613	0.297000
398	1637	0.525000
398	6132	0.393000
404	334	0.171000
404	608	0.069000
404	1183	0.096000
404	1545	0.081000
404	1939	0.073000
404	3767	0.066000
404	3895	0.066000
414	516	0.161000
414	796	0.163000
414	847	0.114000
414	928	0.162000
414	1040	0.109000
414	1219	0.144000
414	1270	0.139000
414	1882	0.165000
414	2076	0.231000
414	2090	0.107000
414	2183	0.148000
414	2714	0.103000
414	2822	0.102000
414	3127	0.148000
414	3238	0.091000
414	3751	0.171000
414	3787	0.091000
414	3843	0.128000
414	4193	0.152000
414	4845	0.102000
414	5000	0.131000
414	5274	0.180000
414	5535	0.125000
414	5697	0.138000
414	6014	0.185000
415	910	0.216000
415	1373	0.343000
415	2023	0.311000
415	2623	0.414000
415	3057	0.208000
415	3879	0.425000
415	4261	0.357000
415	4872	0.261000
415	6135	0.269000
417	4629	0.020000
417	4860	0.017000
417	5402	0.017000
418	1264	0.233000
421	889	0.063000
421	1405	0.060000
421	2755	0.072000
421	3423	0.079000
421	5609	0.055000
425	5462	0.297000
426	3502	0.242000
426	3662	0.261000
426	4099	0.312000
426	4135	0.226000
431	878	0.080000
431	3008	0.110000
431	3552	0.218000
431	3570	0.346000
432	156	0.024000
432	872	0.049000
432	2320	0.044000
432	3663	0.029000
432	5201	0.065000
432	5447	0.065000
432	5924	0.033000
432	6037	0.077000
432	6107	0.094000
432	6240	0.043000
437	875	0.281000
437	960	0.026000
437	2315	0.219000
437	5583	0.031000
442	35	0.084000
442	220	0.084000
442	997	0.088000
442	1616	0.095000
442	1785	0.084000
442	2713	0.120000
442	3128	0.094000
442	3372	0.097000
442	3858	0.084000
442	4293	0.122000
442	5101	0.087000
442	5368	0.210000
442	6001	0.018000
448	474	0.129000
448	727	0.120000
448	1298	0.149000
448	1789	0.138000
448	2931	0.184000
448	3512	0.091000
448	4135	0.169000
448	4663	0.133000
448	4891	0.177000
448	5211	0.141000
448	5705	0.186000
448	5761	0.079000
448	5764	0.180000
448	6048	0.179000
448	6374	0.149000
449	3029	0.512000
450	4765	0.083000
454	217	0.210000
454	645	0.469000
454	1784	0.210000
454	2042	0.378000
454	2365	0.249000
454	5984	0.013000
454	6287	0.250000
463	5975	0.014000
465	2088	0.372000
465	2589	0.280000
465	4157	0.246000
465	4815	0.345000
465	4886	0.345000
465	5461	0.274000
465	5635	0.269000
465	5973	0.014000
465	6096	0.303000
474	448	0.129000
474	715	0.205000
474	727	0.213000
474	738	0.174000
474	1298	0.175000
474	1399	0.220000
474	1789	0.085000
474	2931	0.200000
474	3846	0.150000
474	4035	0.199000
474	4135	0.173000
474	4663	0.159000
474	4891	0.164000
474	5211	0.220000
474	5705	0.169000
474	5764	0.173000
474	6048	0.141000
474	6374	0.139000
479	163	0.073000
479	1618	0.104000
479	2213	0.069000
479	4191	0.087000
479	6204	0.085000
495	2074	0.013000
498	1865	0.521000
504	1322	0.208000
504	6274	0.245000
514	334	0.202000
514	978	0.231000
514	2335	0.264000
516	414	0.161000
516	796	0.131000
516	847	0.080000
516	928	0.150000
516	1040	0.087000
516	1219	0.143000
516	1270	0.106000
516	1882	0.147000
516	2076	0.204000
516	2090	0.096000
516	2183	0.100000
516	2714	0.100000
516	2822	0.095000
516	3127	0.143000
516	3238	0.073000
516	3751	0.158000
516	3787	0.073000
516	3843	0.191000
516	4193	0.124000
516	4845	0.099000
516	5274	0.153000
516	5535	0.103000
516	5697	0.107000
516	6014	0.163000
520	905	0.079000
520	1534	0.080000
520	2116	0.029000
523	3093	0.019000
523	3521	0.030000
524	48	0.146000
524	339	0.155000
524	383	0.184000
524	1993	0.084000
524	2175	0.143000
524	3010	0.093000
524	3362	0.148000
524	5798	0.034000
527	614	0.489000
527	1729	0.288000
527	5695	0.497000
528	1058	0.026000
530	1444	0.263000
530	2135	0.444000
536	1525	0.304000
536	5462	0.384000
543	3962	0.026000
544	3741	0.024000
544	4177	0.037000
561	1999	0.095000
563	3784	0.208000
563	4302	0.036000
566	1455	0.179000
566	3454	0.184000
573	653	0.132000
573	2515	0.127000
573	3834	0.126000
573	4522	0.130000
573	4635	0.079000
573	4834	0.369000
573	5875	0.152000
573	6393	0.137000
574	3996	0.023000
574	6187	0.181000
575	1300	0.115000
581	2578	0.018000
581	2583	0.013000
581	3319	0.018000
581	5476	0.018000
594	4655	0.237000
601	2021	0.200000
601	2977	0.079000
608	333	0.028000
608	404	0.069000
608	1069	0.029000
608	1183	0.065000
608	1545	0.021000
608	1650	0.056000
608	1939	0.062000
608	2481	0.022000
608	3767	0.032000
608	5160	0.039000
608	5335	0.044000
608	5845	0.079000
608	6166	0.050000
609	610	0.025000
610	609	0.025000
614	527	0.489000
614	1729	0.517000
614	3000	0.480000
614	5695	0.525000
619	1550	0.010000
624	1612	0.333000
624	2008	0.065000
624	2266	0.067000
635	1144	0.200000
635	1570	0.025000
642	3636	0.145000
645	454	0.469000
645	1322	0.213000
645	1373	0.339000
645	1679	0.205000
645	2801	0.427000
645	5635	0.112000
645	5984	0.469000
648	1764	0.052000
653	573	0.132000
653	3834	0.013000
653	4522	0.150000
653	4635	0.145000
653	4834	0.160000
653	5875	0.235000
659	315	0.040000
659	1051	0.022000
660	5235	0.017000
660	6184	0.040000
665	1424	0.067000
665	5236	0.018000
667	1072	0.238000
682	2665	0.118000
682	3851	0.087000
686	1600	0.050000
686	2675	0.261000
687	1700	0.062000
687	2435	0.065000
687	3002	0.051000
687	3741	0.087000
687	4177	0.057000
687	5590	0.034000
688	2552	0.145000
688	3051	0.181000
688	3482	0.142000
688	3889	0.200000
688	3907	0.142000
688	5483	0.118000
691	3290	0.015000
696	3432	0.080000
697	3297	0.021000
697	5247	0.060000
705	1647	0.097000
705	5130	0.202000
705	5489	0.093000
711	2255	0.171000
711	6137	0.310000
715	474	0.205000
715	727	0.159000
715	738	0.166000
715	2724	0.242000
715	4035	0.118000
715	4135	0.171000
715	4663	0.088000
715	5492	0.330000
715	5705	0.132000
715	6048	0.120000
715	6374	0.133000
716	946	0.079000
725	4129	0.073000
725	4480	0.030000
727	448	0.120000
727	474	0.213000
727	715	0.159000
727	738	0.203000
727	1298	0.164000
727	1399	0.164000
727	2931	0.175000
727	3932	0.382000
727	4035	0.148000
727	4135	0.177000
727	4663	0.122000
727	4668	0.384000
727	4695	0.083000
727	4891	0.166000
727	5211	0.138000
727	5705	0.157000
727	5761	0.095000
727	5764	0.086000
727	6048	0.150000
727	6374	0.200000
729	2540	0.072000
729	2816	0.065000
729	5269	0.018000
737	1861	0.047000
737	2500	0.036000
738	474	0.174000
738	715	0.166000
738	727	0.203000
738	2931	0.174000
738	4035	0.207000
738	4135	0.189000
738	4663	0.121000
738	4891	0.166000
738	5705	0.158000
738	6048	0.151000
738	6374	0.146000
747	921	0.169000
747	1120	0.144000
747	1885	0.153000
747	2771	0.160000
747	4718	0.408000
747	4970	0.403000
747	5407	0.148000
747	6061	0.440000
754	2552	0.257000
754	4530	0.160000
758	213	0.214000
758	4388	0.014000
758	4701	0.114000
758	5023	0.018000
763	1012	0.018000
763	1940	0.026000
763	5225	0.018000
763	5982	0.063000
765	1312	0.147000
765	2003	0.098000
772	345	0.090000
772	1434	0.040000
772	1719	0.092000
772	2060	0.041000
772	3648	0.051000
772	3702	0.117000
772	5223	0.091000
772	5606	0.051000
772	5751	0.054000
772	5968	0.110000
772	6209	0.099000
772	6369	0.061000
779	1086	0.212000
779	1425	0.321000
779	1434	0.229000
779	1905	0.302000
779	2718	0.205000
779	3979	0.338000
779	5622	0.321000
786	3655	0.051000
786	5373	0.022000
787	5376	0.019000
796	414	0.163000
796	516	0.131000
796	847	0.074000
796	1040	0.073000
796	1219	0.146000
796	1270	0.120000
796	1882	0.115000
796	2076	0.161000
796	2090	0.092000
796	2183	0.122000
796	2714	0.086000
796	2822	0.084000
796	3127	0.110000
796	3751	0.164000
796	3787	0.042000
796	3843	0.116000
796	3932	0.290000
796	4193	0.076000
796	4668	0.288000
796	4845	0.106000
796	5000	0.097000
796	5274	0.154000
796	5535	0.074000
796	5697	0.103000
796	6014	0.159000
797	1899	0.316000
797	4950	0.290000
800	1881	0.378000
800	2457	0.077000
800	4078	0.197000
800	4088	0.461000
800	5187	0.517000
800	5383	0.025000
811	901	0.026000
811	956	0.026000
811	1097	0.025000
811	1815	0.035000
811	5109	0.209000
825	4312	0.018000
830	4087	0.019000
830	4894	0.021000
838	2568	0.446000
838	4330	0.015000
841	3584	0.040000
841	5445	0.051000
843	1419	0.085000
845	2023	0.305000
845	3499	0.239000
845	4691	0.014000
846	4692	0.014000
847	414	0.114000
847	516	0.080000
847	796	0.074000
847	928	0.058000
847	1040	0.055000
847	1219	0.109000
847	1270	0.096000
847	1882	0.108000
847	2090	0.089000
847	2183	0.096000
847	2714	0.070000
847	2822	0.082000
847	3127	0.059000
847	3238	0.051000
847	3751	0.075000
847	3787	0.051000
847	4193	0.105000
847	4845	0.085000
847	5274	0.109000
847	5535	0.076000
847	5697	0.058000
847	6014	0.061000
849	4527	0.047000
849	4694	0.026000
865	292	0.174000
865	872	0.092000
865	926	0.178000
865	1515	0.119000
865	1559	0.158000
865	2191	0.101000
865	2320	0.091000
865	3263	0.065000
865	4018	0.083000
865	4688	0.137000
865	5201	0.153000
865	5331	0.096000
865	5447	0.109000
865	5724	0.080000
865	5924	0.092000
865	6037	0.148000
865	6107	0.107000
866	217	0.256000
866	1784	0.256000
867	2602	0.197000
867	3531	0.129000
868	3766	0.139000
872	292	0.092000
872	432	0.049000
872	865	0.092000
872	1515	0.073000
872	1559	0.112000
872	2320	0.063000
872	4018	0.055000
872	5924	0.044000
875	437	0.281000
875	1216	0.269000
875	1310	0.286000
875	2485	0.201000
875	2718	0.378000
875	4365	0.347000
875	4872	0.228000
875	5492	0.293000
875	6133	0.337000
878	431	0.080000
878	3008	0.194000
878	3091	0.205000
878	3092	0.214000
878	3499	0.220000
878	3552	0.201000
878	5094	0.356000
889	421	0.063000
889	1405	0.085000
889	3423	0.086000
889	5609	0.080000
891	345	0.144000
891	1719	0.146000
891	3702	0.137000
891	3868	0.072000
891	4321	0.059000
891	5223	0.114000
891	5968	0.128000
895	1422	0.260000
895	4210	0.258000
895	5355	0.247000
897	951	0.015000
901	811	0.026000
901	956	0.015000
901	1097	0.029000
901	1815	0.031000
901	4360	0.034000
903	959	0.015000
904	960	0.014000
905	520	0.079000
905	962	0.027000
905	1014	0.057000
905	1376	0.058000
905	1377	0.058000
905	1379	0.059000
905	1427	0.101000
905	1656	0.045000
905	1893	0.056000
905	2743	0.057000
905	2745	0.066000
905	2747	0.047000
905	3488	0.049000
905	3985	0.050000
905	4552	0.060000
905	5212	0.034000
905	5308	0.047000
905	5420	0.097000
905	5475	0.056000
907	3648	0.244000
907	5139	0.242000
907	5605	0.070000
907	5641	0.431000
907	5836	0.078000
909	5381	0.205000
910	199	0.221000
910	415	0.216000
910	1214	0.092000
910	1239	0.078000
910	3026	0.072000
910	3106	0.093000
910	3112	0.075000
910	3208	0.078000
910	3391	0.055000
910	4174	0.101000
921	747	0.169000
921	1120	0.195000
921	1885	0.219000
921	2771	0.198000
921	4718	0.397000
921	4970	0.388000
921	5407	0.166000
921	6061	0.466000
926	292	0.118000
926	865	0.178000
926	1559	0.137000
926	1966	0.151000
926	2191	0.126000
926	2320	0.068000
926	3263	0.079000
926	5331	0.140000
926	5447	0.104000
926	5724	0.092000
926	5924	0.092000
926	6037	0.097000
926	6101	0.075000
928	414	0.162000
928	516	0.150000
928	847	0.058000
928	1219	0.120000
928	1270	0.110000
928	1882	0.099000
928	2076	0.131000
928	2090	0.099000
928	2183	0.098000
928	2714	0.087000
928	2822	0.082000
928	3127	0.089000
928	3238	0.044000
928	3751	0.111000
928	3787	0.044000
928	3843	0.090000
928	4193	0.095000
928	5000	0.094000
928	5274	0.098000
928	5535	0.078000
928	5697	0.073000
928	6014	0.085000
935	3648	0.392000
935	3925	0.326000
935	3964	0.257000
935	5492	0.278000
935	6027	0.227000
943	947	0.108000
943	1658	0.112000
946	716	0.079000
947	943	0.108000
951	897	0.015000
954	398	0.193000
954	1637	0.521000
954	6132	0.244000
956	811	0.026000
956	901	0.015000
956	1097	0.028000
956	1815	0.032000
959	903	0.015000
960	437	0.026000
960	904	0.014000
962	905	0.027000
962	1379	0.032000
962	1427	0.117000
962	1534	0.089000
962	1656	0.038000
962	2743	0.031000
962	2745	0.040000
962	2747	0.035000
962	3313	0.080000
962	3985	0.056000
962	4552	0.032000
962	5212	0.052000
962	5420	0.085000
962	5475	0.041000
973	2052	0.483000
973	3797	0.388000
976	217	0.203000
976	1612	0.030000
976	1784	0.203000
976	2906	0.219000
976	6131	0.322000
978	514	0.231000
978	2089	0.103000
978	2335	0.156000
978	3678	0.156000
983	2624	0.213000
997	35	0.025000
997	442	0.088000
997	1616	0.039000
997	2713	0.095000
997	3372	0.038000
997	4293	0.047000
997	5101	0.013000
997	6001	0.088000
1012	763	0.018000
1012	1940	0.027000
1012	3485	0.015000
1012	5225	0.014000
1012	5982	0.054000
1013	1942	0.013000
1013	3486	0.013000
1013	5226	0.013000
1014	905	0.057000
1014	1427	0.071000
1014	1534	0.081000
1014	1656	0.014000
1014	2747	0.012000
1014	3318	0.027000
1014	3488	0.013000
1014	5308	0.014000
1014	5420	0.093000
1015	92	0.040000
1015	3489	0.013000
1015	3974	0.029000
1018	263	0.017000
1022	1777	0.088000
1022	1866	0.053000
1025	2038	0.347000
1027	284	0.018000
1030	295	0.013000
1030	1833	0.331000
1030	4462	0.225000
1030	6027	0.221000
1038	76	0.359000
1039	5017	0.379000
1039	5246	0.134000
1040	414	0.109000
1040	516	0.087000
1040	796	0.073000
1040	847	0.055000
1040	1219	0.089000
1040	1270	0.071000
1040	1882	0.086000
1040	2076	0.143000
1040	2090	0.072000
1040	2183	0.078000
1040	2714	0.071000
1040	2822	0.085000
1040	3127	0.072000
1040	3238	0.029000
1040	3751	0.097000
1040	3787	0.029000
1040	3843	0.073000
1040	4193	0.092000
1040	4845	0.072000
1040	5000	0.060000
1040	5274	0.089000
1040	5697	0.061000
1042	2657	0.099000
1042	3399	0.216000
1042	4157	0.256000
1042	6378	0.325000
1044	311	0.014000
1051	315	0.030000
1051	659	0.022000
1058	528	0.026000
1059	4201	0.320000
1060	4961	0.090000
1061	1062	0.013000
1061	1063	0.013000
1061	2018	0.153000
1061	2179	0.097000
1062	1061	0.013000
1062	1063	0.013000
1062	2018	0.153000
1063	1061	0.013000
1063	1062	0.013000
1063	2018	0.153000
1063	2179	0.097000
1064	1636	0.281000
1064	2605	0.359000
1068	217	0.212000
1068	1784	0.212000
1068	1833	0.242000
1068	2082	0.103000
1068	2986	0.297000
1068	3390	0.104000
1068	3925	0.321000
1068	5139	0.273000
1068	5196	0.228000
1068	5440	0.231000
1069	333	0.018000
1069	334	0.032000
1069	608	0.029000
1069	1545	0.025000
1069	3767	0.032000
1069	5335	0.046000
1069	6166	0.054000
1070	5666	0.274000
1072	667	0.238000
1073	1776	0.288000
1073	3099	0.249000
1084	1259	0.149000
1084	4853	0.158000
1086	66	0.230000
1086	779	0.212000
1086	1239	0.410000
1086	2418	0.214000
1096	395	0.071000
1096	4504	0.123000
1096	4816	0.117000
1097	811	0.025000
1097	901	0.029000
1097	956	0.028000
1097	1815	0.034000
1097	2406	0.026000
1114	183	0.216000
1114	1777	0.498000
1114	1866	0.362000
1114	6272	0.229000
1120	747	0.144000
1120	921	0.195000
1120	1885	0.172000
1120	2771	0.173000
1120	4718	0.410000
1120	4970	0.410000
1120	5407	0.148000
1120	6061	0.407000
1121	1861	0.021000
1121	5953	0.054000
1133	5141	0.162000
1135	3993	0.023000
1139	2155	0.280000
1139	5077	0.407000
1144	635	0.200000
1144	1857	0.230000
1144	2751	0.264000
1144	5605	0.242000
1171	1902	0.205000
1171	2483	0.365000
1171	3009	0.450000
1171	4959	0.108000
1178	2706	0.033000
1178	3359	0.051000
1181	1725	0.229000
1183	333	0.093000
1183	404	0.096000
1183	608	0.065000
1183	1545	0.101000
1183	1650	0.047000
1183	1939	0.090000
1183	2481	0.081000
1183	2982	0.239000
1183	3767	0.056000
1183	3895	0.099000
1183	5160	0.062000
1183	5335	0.101000
1183	5845	0.084000
1183	6166	0.053000
1183	6175	0.092000
1196	387	0.053000
1196	3812	0.099000
1196	6266	0.053000
1214	910	0.092000
1214	1239	0.098000
1214	3026	0.090000
1214	3106	0.113000
1214	3112	0.090000
1214	3208	0.099000
1214	3391	0.093000
1214	3925	0.355000
1214	4174	0.106000
1214	5196	0.243000
1214	5440	0.244000
1216	875	0.269000
1216	6133	0.046000
1216	6296	0.200000
1217	5385	0.150000
1217	5513	0.087000
1217	5908	0.183000
1219	414	0.144000
1219	516	0.143000
1219	796	0.146000
1219	847	0.109000
1219	928	0.120000
1219	1040	0.089000
1219	1270	0.121000
1219	1882	0.145000
1219	2076	0.153000
1219	2090	0.105000
1219	2183	0.132000
1219	2714	0.097000
1219	2822	0.103000
1219	3127	0.130000
1219	3238	0.060000
1219	3751	0.151000
1219	3787	0.060000
1219	3843	0.130000
1219	4193	0.153000
1219	4845	0.078000
1219	5000	0.129000
1219	5274	0.172000
1219	5535	0.107000
1219	5697	0.137000
1219	6014	0.128000
1228	3585	0.315000
1229	4799	0.173000
1229	5810	0.185000
1239	910	0.078000
1239	1086	0.410000
1239	1214	0.098000
1239	3026	0.067000
1239	3106	0.100000
1239	3112	0.076000
1239	3208	0.073000
1239	3391	0.080000
1239	4369	0.234000
1239	4465	0.246000
1253	1856	0.054000
1253	3519	0.058000
1259	1084	0.149000
1259	4853	0.193000
1261	2977	0.347000
1261	3299	0.056000
1264	418	0.233000
1264	2155	0.282000
1264	4365	0.270000
1269	4849	0.232000
1270	414	0.139000
1270	516	0.106000
1270	796	0.120000
1270	847	0.096000
1270	928	0.110000
1270	1040	0.071000
1270	1219	0.121000
1270	1882	0.147000
1270	2076	0.160000
1270	2090	0.091000
1270	2183	0.112000
1270	2714	0.093000
1270	2822	0.090000
1270	3127	0.108000
1270	3238	0.063000
1270	3751	0.140000
1270	3787	0.063000
1270	3843	0.107000
1270	4193	0.133000
1270	4845	0.105000
1270	5000	0.092000
1270	5274	0.165000
1270	5535	0.097000
1270	5697	0.087000
1283	2368	0.048000
1285	3860	0.044000
1288	4219	0.060000
1288	5680	0.058000
1294	3615	0.088000
1294	5354	0.231000
1298	448	0.149000
1298	474	0.175000
1298	727	0.164000
1298	1399	0.148000
1298	1789	0.383000
1298	2931	0.204000
1298	3512	0.281000
1298	4121	0.092000
1298	4663	0.201000
1298	4891	0.194000
1298	5211	0.183000
1298	5705	0.201000
1298	5764	0.183000
1298	6048	0.195000
1298	6374	0.178000
1300	575	0.115000
1302	5529	0.025000
1310	875	0.286000
1310	2375	0.386000
1310	2485	0.337000
1310	2718	0.479000
1312	765	0.147000
1312	2003	0.173000
1317	2694	0.032000
1317	5381	0.088000
1322	504	0.208000
1322	645	0.213000
1322	5336	0.228000
1322	6167	0.201000
1322	6274	0.183000
1330	5818	0.465000
1334	3359	0.079000
1334	4129	0.052000
1334	4480	0.036000
1354	4066	0.040000
1354	4068	0.040000
1354	4071	0.040000
1354	4073	0.040000
1366	3027	0.293000
1373	415	0.343000
1373	645	0.339000
1373	1929	0.345000
1373	3399	0.224000
1373	3932	0.239000
1373	4080	0.243000
1373	4668	0.246000
1373	5383	0.340000
1376	905	0.058000
1376	1377	0.013000
1376	1379	0.018000
1376	1534	0.054000
1376	2743	0.016000
1376	2745	0.019000
1376	2747	0.019000
1376	4552	0.017000
1376	5420	0.069000
1377	905	0.058000
1377	1376	0.013000
1377	1379	0.018000
1377	2743	0.016000
1377	2745	0.019000
1377	2747	0.019000
1377	4552	0.017000
1379	905	0.059000
1379	962	0.032000
1379	1376	0.018000
1379	1377	0.018000
1379	1534	0.060000
1379	2743	0.019000
1379	2745	0.015000
1379	2747	0.019000
1379	4552	0.020000
1379	5420	0.058000
1387	2757	0.015000
1388	3714	0.301000
1399	474	0.220000
1399	727	0.164000
1399	1298	0.148000
1399	1789	0.122000
1399	2931	0.184000
1399	3512	0.217000
1399	3846	0.171000
1399	4035	0.192000
1399	4121	0.209000
1399	4135	0.173000
1399	4663	0.138000
1399	4891	0.190000
1399	5211	0.202000
1399	5705	0.170000
1399	6048	0.203000
1399	6374	0.215000
1405	421	0.060000
1405	889	0.085000
1405	2755	0.051000
1405	3423	0.075000
1405	5609	0.022000
1413	167	0.457000
1413	349	0.457000
1413	1685	0.127000
1413	2060	0.118000
1413	3702	0.134000
1413	4636	0.133000
1413	5368	0.218000
1413	6201	0.310000
1413	6209	0.136000
1419	843	0.085000
1419	2367	0.064000
1419	3948	0.065000
1419	4040	0.066000
1419	4655	0.089000
1422	895	0.260000
1422	5355	0.021000
1424	665	0.067000
1424	5236	0.069000
1425	779	0.321000
1425	3199	0.193000
1425	3208	0.245000
1425	3391	0.257000
1425	3677	0.070000
1425	3973	0.096000
1425	5622	0.013000
1427	905	0.101000
1427	962	0.117000
1427	1014	0.071000
1427	1534	0.075000
1427	1656	0.065000
1427	2116	0.080000
1427	5308	0.066000
1427	5420	0.075000
1434	345	0.059000
1434	772	0.040000
1434	779	0.229000
1434	1719	0.093000
1434	2060	0.050000
1434	3648	0.057000
1434	3702	0.112000
1434	4636	0.089000
1434	5223	0.081000
1434	5606	0.056000
1434	5751	0.053000
1434	5968	0.098000
1434	6209	0.097000
1434	6369	0.067000
1442	1443	0.316000
1442	2652	0.236000
1442	4557	0.249000
1443	1442	0.316000
1443	1455	0.263000
1443	2491	0.202000
1444	530	0.263000
1444	3647	0.041000
1444	5583	0.242000
1450	3062	0.217000
1455	566	0.179000
1455	1443	0.263000
1458	1640	0.014000
1480	4421	0.026000
1486	2005	0.246000
1486	3078	0.226000
1486	4423	0.014000
1486	5021	0.203000
1489	4425	0.014000
1492	4427	0.015000
1507	3439	0.222000
1515	156	0.054000
1515	292	0.193000
1515	865	0.119000
1515	872	0.073000
1515	1559	0.197000
1515	1966	0.097000
1515	2191	0.120000
1515	3263	0.082000
1515	3670	0.088000
1515	4018	0.086000
1515	4688	0.074000
1515	5331	0.102000
1515	5724	0.127000
1515	5924	0.069000
1515	6037	0.165000
1515	6101	0.085000
1515	6107	0.094000
1525	536	0.304000
1525	5462	0.381000
1534	520	0.080000
1534	962	0.089000
1534	1014	0.081000
1534	1376	0.054000
1534	1379	0.060000
1534	1427	0.075000
1534	1656	0.090000
1534	1893	0.095000
1534	2743	0.052000
1534	3985	0.059000
1534	4552	0.097000
1534	5212	0.062000
1534	5308	0.086000
1534	5420	0.017000
1534	5475	0.053000
1537	4098	0.016000
1539	4093	0.014000
1543	1925	0.174000
1543	4603	0.179000
1545	333	0.028000
1545	334	0.032000
1545	404	0.081000
1545	608	0.021000
1545	1069	0.025000
1545	1183	0.101000
1545	1650	0.063000
1545	3767	0.034000
1545	5335	0.044000
1545	6166	0.057000
1550	619	0.010000
1556	4476	0.045000
1556	5024	0.040000
1559	292	0.171000
1559	865	0.158000
1559	872	0.112000
1559	926	0.137000
1559	1515	0.197000
1559	1966	0.203000
1559	2191	0.160000
1559	3263	0.152000
1559	3670	0.177000
1559	4018	0.078000
1559	5331	0.193000
1559	5724	0.131000
1559	6037	0.135000
1559	6101	0.169000
1559	6107	0.131000
1570	635	0.025000
1573	4881	0.022000
1573	5888	0.021000
1573	6179	0.021000
1576	1893	0.056000
1576	1924	0.067000
1576	2116	0.154000
1578	1579	0.415000
1579	1578	0.415000
1600	686	0.050000
1600	2675	0.264000
1600	4569	0.226000
1605	4655	0.160000
1610	14	0.326000
1610	15	0.264000
1610	16	0.227000
1610	17	0.238000
1610	5554	0.237000
1612	624	0.333000
1612	976	0.030000
1612	2008	0.271000
1612	2266	0.275000
1612	2554	0.267000
1612	3925	0.462000
1612	4157	0.222000
1612	6057	0.328000
1613	398	0.297000
1613	6132	0.028000
1615	5261	0.065000
1616	35	0.037000
1616	220	0.037000
1616	442	0.095000
1616	997	0.039000
1616	1785	0.038000
1616	2713	0.111000
1616	3128	0.037000
1616	3372	0.016000
1616	3858	0.038000
1616	5101	0.039000
1616	6001	0.098000
1618	163	0.079000
1618	479	0.104000
1618	2213	0.107000
1618	4191	0.084000
1618	6096	0.217000
1618	6204	0.106000
1620	66	0.288000
1620	3374	0.015000
1620	4099	0.215000
1620	4815	0.284000
1620	5196	0.213000
1620	5440	0.206000
1620	6027	0.265000
1624	4550	0.440000
1625	3375	0.018000
1627	3376	0.032000
1627	5733	0.201000
1627	6085	0.097000
1633	3378	0.023000
1636	179	0.301000
1636	1064	0.281000
1636	1984	0.110000
1636	2903	0.110000
1637	398	0.525000
1637	954	0.521000
1637	6132	0.410000
1640	1458	0.014000
1647	705	0.097000
1647	5130	0.218000
1650	333	0.065000
1650	334	0.071000
1650	608	0.056000
1650	1183	0.047000
1650	1545	0.063000
1650	2481	0.065000
1650	3767	0.061000
1650	5162	0.021000
1650	5335	0.067000
1650	5845	0.058000
1650	6166	0.054000
1656	905	0.045000
1656	962	0.038000
1656	1014	0.014000
1656	1427	0.065000
1656	1534	0.090000
1656	3318	0.025000
1656	3488	0.014000
1656	5308	0.013000
1656	5420	0.051000
1656	5475	0.027000
1658	943	0.112000
1672	4644	0.193000
1672	5289	0.115000
1673	355	0.243000
1673	5703	0.237000
1679	183	0.120000
1679	645	0.205000
1679	1776	0.077000
1679	2418	0.364000
1679	2545	0.501000
1679	3099	0.106000
1679	4494	0.080000
1679	5859	0.270000
1679	6288	0.091000
1680	2132	0.043000
1680	3577	0.058000
1680	3814	0.065000
1680	4676	0.127000
1680	5245	0.058000
1683	2893	0.128000
1683	4803	0.127000
1683	5812	0.124000
1685	1413	0.127000
1685	1719	0.116000
1685	2306	0.114000
1685	3702	0.184000
1685	4636	0.033000
1685	5223	0.158000
1685	5830	0.214000
1685	5968	0.177000
1685	6209	0.081000
1685	6369	0.105000
1686	3585	0.303000
1694	2371	0.245000
1700	687	0.062000
1700	1887	0.034000
1700	1922	0.040000
1700	2222	0.017000
1700	3741	0.046000
1700	4177	0.056000
1700	4212	0.039000
1700	5578	0.028000
1705	1961	0.058000
1719	345	0.130000
1719	772	0.092000
1719	891	0.146000
1719	1434	0.093000
1719	1685	0.116000
1719	2060	0.060000
1719	2821	0.221000
1719	3648	0.086000
1719	3702	0.236000
1719	3868	0.161000
1719	4321	0.151000
1719	4636	0.125000
1719	5223	0.207000
1719	5606	0.085000
1719	5751	0.076000
1719	5968	0.063000
1719	6209	0.118000
1719	6369	0.063000
1720	1899	0.191000
1720	3059	0.054000
1720	3994	0.185000
1720	4712	0.138000
1720	4769	0.183000
1720	4892	0.163000
1720	4950	0.161000
1720	4965	0.187000
1725	1181	0.229000
1725	3199	0.205000
1725	3468	0.475000
1729	527	0.288000
1729	614	0.517000
1729	3000	0.280000
1729	5695	0.469000
1730	1736	0.016000
1730	5560	0.133000
1731	238	0.207000
1731	2937	0.015000
1731	5509	0.499000
1732	2936	0.021000
1735	1736	0.018000
1736	1730	0.016000
1736	1735	0.018000
1738	2938	0.015000
1741	6190	0.044000
1743	1789	0.351000
1743	2112	0.504000
1743	3512	0.429000
1743	4695	0.315000
1743	5761	0.149000
1743	5764	0.230000
1743	6374	0.226000
1746	5459	0.395000
1747	2470	0.428000
1747	2950	0.016000
1747	3120	0.498000
1750	2686	0.058000
1751	2953	0.014000
1756	1958	0.140000
1759	2958	0.014000
1759	6008	0.087000
1764	648	0.052000
1770	3714	0.505000
1770	5268	0.093000
1776	183	0.078000
1776	1073	0.288000
1776	1679	0.077000
1776	2418	0.333000
1776	2545	0.482000
1776	3099	0.132000
1776	5647	0.211000
1776	5859	0.426000
1776	6288	0.116000
1777	1022	0.088000
1777	1114	0.498000
1777	1866	0.037000
1781	211	0.015000
1781	2601	0.023000
1781	3685	0.049000
1781	5378	0.058000
1783	4388	0.262000
1783	4701	0.121000
1783	5023	0.395000
1784	217	0.014000
1784	454	0.210000
1784	866	0.256000
1784	976	0.203000
1784	1068	0.212000
1784	1857	0.257000
1784	1901	0.231000
1784	2082	0.211000
1784	2088	0.283000
1784	2801	0.251000
1784	2986	0.369000
1784	3106	0.229000
1784	3208	0.225000
1784	3677	0.299000
1784	5984	0.210000
1784	6096	0.256000
1785	35	0.016000
1785	220	0.015000
1785	442	0.084000
1785	1616	0.038000
1785	2713	0.085000
1785	3128	0.024000
1785	3372	0.036000
1785	3858	0.016000
1785	4293	0.043000
1785	6001	0.086000
1789	448	0.138000
1789	474	0.085000
1789	1298	0.383000
1789	1399	0.122000
1789	1743	0.351000
1789	2112	0.380000
1789	2931	0.210000
1789	3512	0.291000
1789	4121	0.279000
1789	4695	0.185000
1789	5211	0.186000
1789	5761	0.258000
1789	5764	0.190000
1789	6048	0.175000
1789	6374	0.119000
1798	232	0.014000
1798	3674	0.507000
1813	2201	0.015000
1813	4157	0.232000
1813	5754	0.216000
1815	811	0.035000
1815	901	0.031000
1815	956	0.032000
1815	1097	0.034000
1815	4360	0.047000
1831	2441	0.250000
1831	2718	0.213000
1831	5754	0.280000
1833	67	0.260000
1833	163	0.202000
1833	295	0.337000
1833	1030	0.331000
1833	1068	0.242000
1833	1857	0.297000
1833	2462	0.280000
1833	3390	0.220000
1833	4157	0.283000
1833	4815	0.240000
1833	4872	0.246000
1833	5552	0.222000
1833	5635	0.230000
1833	5700	0.262000
1833	6027	0.283000
1833	6204	0.278000
1833	6272	0.281000
1837	2214	0.257000
1837	2789	0.260000
1856	1253	0.054000
1856	3519	0.100000
1857	217	0.257000
1857	1144	0.230000
1857	1784	0.257000
1857	1833	0.297000
1857	5196	0.263000
1857	5440	0.263000
1861	737	0.047000
1861	1121	0.021000
1861	5953	0.043000
1862	2864	0.028000
1865	498	0.521000
1866	1022	0.053000
1866	1114	0.362000
1866	1777	0.037000
1881	800	0.378000
1881	2457	0.434000
1881	4078	0.308000
1881	4088	0.284000
1881	5187	0.406000
1881	5383	0.203000
1882	414	0.165000
1882	516	0.147000
1882	796	0.115000
1882	847	0.108000
1882	928	0.099000
1882	1040	0.086000
1882	1219	0.145000
1882	1270	0.147000
1882	2076	0.172000
1882	2090	0.112000
1882	2183	0.127000
1882	2714	0.094000
1882	2822	0.109000
1882	3127	0.085000
1882	3238	0.088000
1882	3751	0.143000
1882	3787	0.088000
1882	3843	0.116000
1882	4193	0.165000
1882	4845	0.080000
1882	5000	0.143000
1882	5274	0.162000
1882	5535	0.107000
1882	5697	0.146000
1882	6014	0.144000
1885	747	0.153000
1885	921	0.219000
1885	1120	0.172000
1885	2771	0.194000
1885	4718	0.349000
1885	4970	0.385000
1885	5407	0.192000
1885	6061	0.357000
1887	1700	0.034000
1887	1922	0.015000
1887	3783	0.042000
1887	4177	0.034000
1887	4978	0.049000
1889	1983	0.151000
1889	3169	0.160000
1889	3990	0.122000
1893	905	0.056000
1893	1534	0.095000
1893	1576	0.056000
1893	5212	0.030000
1893	5420	0.066000
1899	797	0.316000
1899	1720	0.191000
1899	3059	0.208000
1899	3994	0.141000
1899	4712	0.110000
1899	4769	0.098000
1899	4892	0.120000
1899	4950	0.102000
1899	4965	0.146000
1901	217	0.231000
1901	1784	0.231000
1902	1171	0.205000
1902	5910	0.054000
1905	779	0.302000
1905	5195	0.239000
1905	5439	0.239000
1905	6233	0.123000
1922	1700	0.040000
1922	1887	0.015000
1922	2222	0.043000
1922	3741	0.074000
1922	4177	0.058000
1922	5578	0.044000
1924	1576	0.067000
1924	2116	0.070000
1924	3313	0.114000
1925	1543	0.174000
1925	4603	0.037000
1929	1373	0.345000
1937	4472	0.042000
1938	6388	0.155000
1939	404	0.073000
1939	608	0.062000
1939	1183	0.090000
1939	3767	0.061000
1939	3895	0.054000
1939	5335	0.075000
1939	6166	0.067000
1939	6175	0.051000
1940	763	0.026000
1940	1012	0.027000
1940	3485	0.045000
1940	5225	0.020000
1941	5485	0.009000
1942	1013	0.013000
1942	3486	0.013000
1942	5226	0.013000
1943	4643	0.017000
1943	5227	0.013000
1944	4642	0.024000
1944	5228	0.013000
1958	1756	0.140000
1961	1705	0.058000
1966	292	0.141000
1966	926	0.151000
1966	1515	0.097000
1966	1559	0.203000
1966	2191	0.094000
1966	3263	0.062000
1966	3670	0.084000
1966	5724	0.170000
1966	6037	0.161000
1966	6101	0.073000
1966	6107	0.113000
1967	4173	0.016000
1976	2662	0.024000
1983	1889	0.151000
1983	3169	0.133000
1983	3990	0.155000
1984	1636	0.110000
1984	2903	0.013000
1993	48	0.102000
1993	339	0.156000
1993	383	0.150000
1993	524	0.084000
1993	2175	0.151000
1993	3010	0.084000
1993	3362	0.140000
1993	5798	0.082000
1999	561	0.095000
2003	765	0.098000
2003	1312	0.173000
2005	183	0.242000
2005	1486	0.246000
2005	2042	0.262000
2005	4423	0.247000
2005	5608	0.210000
2008	624	0.065000
2008	1612	0.271000
2008	2266	0.017000
2010	2763	0.103000
2018	1061	0.153000
2018	1062	0.153000
2018	1063	0.153000
2018	2179	0.103000
2020	2179	0.063000
2020	5929	0.015000
2021	601	0.200000
2023	415	0.311000
2023	845	0.305000
2023	2589	0.201000
2023	3112	0.260000
2023	3499	0.277000
2023	3766	0.396000
2023	4494	0.041000
2023	4691	0.309000
2023	6135	0.412000
2023	6272	0.206000
2034	3647	0.322000
2038	1025	0.347000
2042	454	0.378000
2042	2005	0.262000
2042	5984	0.378000
2043	2431	0.014000
2043	3441	0.234000
2045	4210	0.241000
2045	5568	0.279000
2052	973	0.483000
2052	3797	0.245000
2057	2442	0.195000
2057	2945	0.181000
2057	3056	0.180000
2057	3060	0.106000
2057	4998	0.488000
2057	6075	0.207000
2060	772	0.041000
2060	1413	0.118000
2060	1434	0.050000
2060	1719	0.060000
2060	3648	0.040000
2060	3702	0.096000
2060	5223	0.081000
2060	5606	0.049000
2060	5751	0.043000
2060	5968	0.092000
2060	6209	0.086000
2060	6369	0.071000
2062	2589	0.237000
2062	6105	0.506000
2074	495	0.013000
2076	414	0.231000
2076	516	0.204000
2076	796	0.161000
2076	928	0.131000
2076	1040	0.143000
2076	1219	0.153000
2076	1270	0.160000
2076	1882	0.172000
2076	2090	0.146000
2076	2183	0.180000
2076	2714	0.192000
2076	2822	0.125000
2076	3127	0.159000
2076	3751	0.169000
2076	3843	0.186000
2076	4193	0.137000
2076	4845	0.155000
2076	5000	0.122000
2076	5274	0.147000
2076	5535	0.190000
2076	5697	0.158000
2076	6014	0.179000
2082	217	0.211000
2082	1068	0.103000
2082	1784	0.211000
2082	3390	0.412000
2088	217	0.283000
2088	465	0.372000
2088	1784	0.283000
2088	2858	0.218000
2088	3474	0.218000
2088	5319	0.286000
2088	5973	0.374000
2088	6057	0.239000
2088	6096	0.014000
2089	978	0.103000
2089	2335	0.470000
2089	2481	0.108000
2089	3678	0.108000
2090	414	0.107000
2090	516	0.096000
2090	796	0.092000
2090	847	0.089000
2090	928	0.099000
2090	1040	0.072000
2090	1219	0.105000
2090	1270	0.091000
2090	1882	0.112000
2090	2076	0.146000
2090	2183	0.086000
2090	2714	0.077000
2090	2822	0.089000
2090	3127	0.103000
2090	3238	0.070000
2090	3751	0.118000
2090	3787	0.070000
2090	3843	0.087000
2090	4193	0.136000
2090	4845	0.095000
2090	5000	0.052000
2090	5274	0.134000
2090	5535	0.102000
2090	5697	0.068000
2090	6014	0.067000
2103	2886	0.043000
2109	50	0.232000
2112	1743	0.504000
2112	1789	0.380000
2112	3846	0.336000
2112	4121	0.089000
2112	4695	0.145000
2112	5761	0.444000
2112	5764	0.378000
2116	520	0.029000
2116	1427	0.080000
2116	1576	0.154000
2116	1924	0.070000
2131	4167	0.214000
2131	6004	0.455000
2132	1680	0.043000
2132	3577	0.056000
2132	3814	0.049000
2132	4676	0.093000
2132	5245	0.053000
2135	530	0.444000
2137	5916	0.057000
2147	6118	0.013000
2148	326	0.173000
2155	1139	0.280000
2155	1264	0.282000
2155	4198	0.096000
2155	5338	0.230000
2155	5348	0.489000
2159	4953	0.014000
2166	384	0.203000
2169	5470	0.021000
2175	48	0.158000
2175	339	0.089000
2175	383	0.217000
2175	524	0.143000
2175	1993	0.151000
2175	3010	0.143000
2175	3362	0.129000
2175	5798	0.139000
2179	1061	0.097000
2179	1063	0.097000
2179	2018	0.103000
2179	2020	0.063000
2179	5929	0.066000
2183	414	0.148000
2183	516	0.100000
2183	796	0.122000
2183	847	0.096000
2183	928	0.098000
2183	1040	0.078000
2183	1219	0.132000
2183	1270	0.112000
2183	1882	0.127000
2183	2076	0.180000
2183	2090	0.086000
2183	2714	0.095000
2183	2822	0.099000
2183	3127	0.101000
2183	3238	0.057000
2183	3751	0.186000
2183	3787	0.057000
2183	3843	0.109000
2183	4193	0.130000
2183	4845	0.100000
2183	5000	0.091000
2183	5274	0.141000
2183	5535	0.097000
2183	5697	0.098000
2191	292	0.199000
2191	865	0.101000
2191	926	0.126000
2191	1515	0.120000
2191	1559	0.160000
2191	1966	0.094000
2191	2320	0.168000
2191	2332	0.192000
2191	3263	0.060000
2191	3670	0.065000
2191	4018	0.120000
2191	5331	0.124000
2191	5724	0.153000
2191	6037	0.125000
2191	6101	0.085000
2191	6107	0.096000
2195	41	0.078000
2195	2763	0.133000
2195	3458	0.223000
2195	3892	0.200000
2195	4485	0.211000
2196	5166	0.141000
2196	5885	0.092000
2196	6008	0.136000
2201	1813	0.015000
2201	4157	0.230000
2201	5754	0.219000
2201	5836	0.201000
2206	4906	0.123000
2206	5224	0.035000
2206	6254	0.101000
2213	163	0.095000
2213	479	0.069000
2213	1618	0.107000
2213	4191	0.084000
2213	6204	0.089000
2214	1837	0.257000
2214	2789	0.089000
2222	1700	0.017000
2222	1922	0.043000
2222	3741	0.061000
2222	3783	0.163000
2222	4177	0.058000
2222	4466	0.163000
2222	5578	0.027000
2222	5675	0.074000
2247	4857	0.349000
2247	5617	0.488000
2249	4565	0.516000
2255	711	0.171000
2255	6137	0.210000
2258	5658	0.111000
2261	5099	0.209000
2261	5608	0.204000
2264	3144	0.192000
2264	4322	0.187000
2266	624	0.067000
2266	1612	0.275000
2266	2008	0.017000
2289	2438	0.085000
2292	2310	0.164000
2296	5459	0.122000
2301	6135	0.238000
2303	4254	0.015000
2303	5001	0.244000
2303	5866	0.333000
2306	345	0.106000
2306	1685	0.114000
2306	4636	0.114000
2306	5223	0.097000
2306	5751	0.077000
2306	6209	0.119000
2310	2292	0.164000
2313	4266	0.014000
2313	4494	0.230000
2315	437	0.219000
2320	156	0.030000
2320	432	0.044000
2320	865	0.091000
2320	872	0.063000
2320	926	0.068000
2320	2191	0.168000
2320	2332	0.206000
2320	3663	0.047000
2320	4018	0.039000
2320	5447	0.048000
2320	5924	0.050000
2320	6240	0.054000
2323	4276	0.021000
2332	156	0.130000
2332	2191	0.192000
2332	2320	0.206000
2332	5924	0.152000
2335	514	0.264000
2335	978	0.156000
2335	2089	0.470000
2335	2481	0.145000
2335	2626	0.086000
2340	3960	0.200000
2365	454	0.249000
2365	5984	0.249000
2365	6287	0.014000
2367	1419	0.064000
2367	3948	0.015000
2367	4040	0.016000
2368	1283	0.048000
2371	1694	0.245000
2371	2858	0.203000
2371	3474	0.203000
2371	5568	0.234000
2375	1310	0.386000
2375	2485	0.113000
2375	2718	0.301000
2375	6296	0.300000
2381	2491	0.213000
2400	6318	0.014000
2403	5032	0.044000
2403	6327	0.017000
2406	1097	0.026000
2407	4499	0.200000
2407	6335	0.015000
2415	2522	0.027000
2418	1086	0.214000
2418	1679	0.364000
2418	1776	0.333000
2418	2545	0.056000
2418	3057	0.213000
2418	3099	0.157000
2418	4494	0.040000
2418	4872	0.044000
2418	5354	0.031000
2418	5647	0.093000
2418	5859	0.062000
2418	6288	0.166000
2431	2043	0.014000
2431	3441	0.234000
2435	687	0.065000
2435	4986	0.020000
2435	5578	0.043000
2437	3804	0.032000
2438	2289	0.085000
2441	1831	0.250000
2441	4157	0.249000
2441	5866	0.217000
2442	2057	0.195000
2442	2624	0.115000
2442	2945	0.190000
2442	3056	0.191000
2442	3060	0.447000
2457	800	0.077000
2457	1881	0.434000
2457	4078	0.192000
2457	4088	0.471000
2457	5187	0.522000
2457	5383	0.074000
2460	5934	0.122000
2462	67	0.031000
2462	1833	0.280000
2462	3979	0.231000
2470	1747	0.428000
2470	2950	0.416000
2470	3120	0.027000
2481	334	0.048000
2481	608	0.022000
2481	1183	0.081000
2481	1650	0.065000
2481	2089	0.108000
2481	2335	0.145000
2481	5160	0.062000
2481	5162	0.065000
2481	5335	0.043000
2481	5845	0.040000
2481	6166	0.063000
2481	6175	0.031000
2482	3146	0.015000
2482	3335	0.014000
2483	1171	0.365000
2483	4959	0.135000
2485	875	0.201000
2485	1310	0.337000
2485	2375	0.113000
2485	2718	0.250000
2491	1443	0.202000
2491	2381	0.213000
2495	350	0.020000
2498	5853	0.357000
2498	6188	0.525000
2500	737	0.036000
2500	3947	0.020000
2501	289	0.188000
2501	2604	0.190000
2501	4872	0.200000
2505	3952	0.014000
2511	179	0.216000
2511	3199	0.315000
2511	3973	0.240000
2515	573	0.127000
2515	4522	0.202000
2515	4635	0.181000
2515	5875	0.131000
2522	2415	0.027000
2531	4760	0.036000
2536	5630	0.524000
2540	729	0.072000
2540	2816	0.032000
2540	5269	0.072000
2545	345	0.200000
2545	1679	0.501000
2545	1776	0.482000
2545	2418	0.056000
2545	3099	0.337000
2545	3502	0.220000
2545	4494	0.051000
2545	4872	0.045000
2545	5859	0.066000
2545	6288	0.094000
2546	2827	0.014000
2546	4882	0.019000
2546	5890	0.019000
2546	6180	0.019000
2547	4516	0.216000
2547	5277	0.415000
2548	2837	0.015000
2552	688	0.145000
2552	754	0.257000
2552	3051	0.097000
2552	3482	0.058000
2552	3889	0.081000
2552	3907	0.066000
2552	5483	0.134000
2554	183	0.272000
2554	1612	0.267000
2554	3390	0.245000
2554	4886	0.218000
2554	5727	0.232000
2554	6040	0.231000
2554	6057	0.331000
2568	838	0.446000
2568	2719	0.251000
2568	4148	0.334000
2568	4330	0.454000
2568	4815	0.211000
2568	5195	0.221000
2568	5354	0.375000
2568	5439	0.221000
2568	6167	0.305000
2570	2573	0.128000
2570	4863	0.023000
2573	2570	0.128000
2573	4863	0.116000
2578	581	0.018000
2578	3319	0.014000
2583	581	0.013000
2583	3319	0.018000
2583	5476	0.018000
2589	465	0.280000
2589	2023	0.201000
2589	2062	0.237000
2589	3499	0.014000
2589	5973	0.274000
2601	211	0.024000
2601	1781	0.023000
2601	3685	0.052000
2601	5378	0.066000
2602	867	0.197000
2602	3531	0.053000
2604	2501	0.190000
2605	1064	0.359000
2623	415	0.414000
2623	3879	0.014000
2624	983	0.213000
2624	2442	0.115000
2626	2335	0.086000
2647	3522	0.034000
2647	6252	0.327000
2647	6376	0.441000
2652	1442	0.236000
2652	4557	0.194000
2657	1042	0.099000
2657	3158	0.215000
2657	6378	0.230000
2662	1976	0.024000
2664	5375	0.218000
2665	682	0.118000
2665	3851	0.114000
2667	3659	0.015000
2671	187	0.164000
2671	4076	0.100000
2671	6387	0.153000
2675	686	0.261000
2675	1600	0.264000
2675	3454	0.206000
2675	5712	0.069000
2678	4463	0.070000
2680	5818	0.464000
2686	268	0.062000
2686	1750	0.058000
2686	4657	0.128000
2686	4720	0.086000
2686	4721	0.069000
2686	5871	0.041000
2686	5955	0.071000
2690	3466	0.218000
2690	6234	0.182000
2691	2692	0.015000
2692	2691	0.015000
2694	1317	0.032000
2695	3021	0.185000
2695	4932	0.203000
2698	3937	0.032000
2698	5441	0.037000
2706	1178	0.033000
2706	3359	0.076000
2706	4480	0.041000
2713	35	0.088000
2713	220	0.088000
2713	442	0.120000
2713	997	0.095000
2713	1616	0.111000
2713	1785	0.085000
2713	3128	0.089000
2713	3372	0.108000
2713	3858	0.088000
2713	4293	0.126000
2713	5101	0.095000
2713	6001	0.129000
2714	414	0.103000
2714	516	0.100000
2714	796	0.086000
2714	847	0.070000
2714	928	0.087000
2714	1040	0.071000
2714	1219	0.097000
2714	1270	0.093000
2714	1882	0.094000
2714	2076	0.192000
2714	2090	0.077000
2714	2183	0.095000
2714	2822	0.053000
2714	3127	0.084000
2714	3238	0.063000
2714	3751	0.114000
2714	3787	0.063000
2714	3843	0.067000
2714	4193	0.110000
2714	4845	0.074000
2714	5000	0.079000
2714	5274	0.120000
2714	5535	0.087000
2717	3390	0.221000
2718	355	0.222000
2718	779	0.205000
2718	875	0.378000
2718	1310	0.479000
2718	1831	0.213000
2718	2375	0.301000
2718	2485	0.250000
2718	4365	0.211000
2718	5461	0.464000
2718	5509	0.224000
2718	6057	0.279000
2719	2568	0.251000
2719	2801	0.291000
2721	2844	0.494000
2724	715	0.242000
2743	905	0.057000
2743	962	0.031000
2743	1376	0.016000
2743	1377	0.016000
2743	1379	0.019000
2743	1534	0.052000
2743	2745	0.020000
2743	2747	0.020000
2743	4552	0.020000
2743	5475	0.020000
2745	905	0.066000
2745	962	0.040000
2745	1376	0.019000
2745	1377	0.019000
2745	1379	0.015000
2745	2743	0.020000
2745	2747	0.019000
2745	3985	0.021000
2745	4552	0.022000
2745	5420	0.063000
2747	905	0.047000
2747	962	0.035000
2747	1014	0.012000
2747	1376	0.019000
2747	1377	0.019000
2747	1379	0.019000
2747	2743	0.020000
2747	2745	0.019000
2747	4552	0.018000
2751	1144	0.264000
2755	421	0.072000
2755	1405	0.051000
2755	3423	0.061000
2755	5609	0.065000
2757	1387	0.015000
2762	6252	0.158000
2762	6376	0.186000
2763	41	0.106000
2763	2010	0.103000
2763	2195	0.133000
2763	3458	0.172000
2763	3892	0.180000
2763	4485	0.196000
2764	3604	0.071000
2771	747	0.160000
2771	921	0.198000
2771	1120	0.173000
2771	1885	0.194000
2771	4718	0.452000
2771	4970	0.452000
2771	5407	0.172000
2771	6061	0.484000
2789	1837	0.260000
2789	2214	0.089000
2793	5053	0.015000
2793	5700	0.220000
2800	5640	0.206000
2801	217	0.251000
2801	645	0.427000
2801	1784	0.251000
2801	2719	0.291000
2801	3112	0.352000
2801	3912	0.307000
2801	4261	0.229000
2816	729	0.065000
2816	2540	0.032000
2816	5269	0.064000
2821	1719	0.221000
2821	3199	0.326000
2821	5338	0.259000
2822	414	0.102000
2822	516	0.095000
2822	796	0.084000
2822	847	0.082000
2822	928	0.082000
2822	1040	0.085000
2822	1219	0.103000
2822	1270	0.090000
2822	1882	0.109000
2822	2076	0.125000
2822	2090	0.089000
2822	2183	0.099000
2822	2714	0.053000
2822	3127	0.067000
2822	3238	0.075000
2822	3751	0.115000
2822	3787	0.075000
2822	3843	0.069000
2822	4193	0.115000
2822	4845	0.077000
2822	5000	0.082000
2822	5274	0.129000
2822	5535	0.094000
2822	5697	0.079000
2822	6014	0.082000
2827	2546	0.014000
2827	4882	0.020000
2827	5890	0.020000
2827	6180	0.020000
2833	6068	0.016000
2837	2548	0.015000
2843	5077	0.213000
2843	5338	0.339000
2844	2721	0.494000
2858	2088	0.218000
2858	2371	0.203000
2858	3474	0.013000
2858	3932	0.350000
2858	4110	0.449000
2858	4369	0.327000
2858	4465	0.302000
2858	4668	0.355000
2858	5552	0.252000
2858	5641	0.271000
2858	5700	0.405000
2858	5804	0.230000
2858	6096	0.247000
2858	6194	0.364000
2863	3477	0.018000
2864	1862	0.028000
2875	131	0.014000
2878	136	0.015000
2878	137	0.015000
2878	4359	0.014000
2878	4457	0.016000
2886	2103	0.043000
2893	1683	0.128000
2893	4803	0.016000
2903	1636	0.110000
2903	1984	0.013000
2906	976	0.219000
2906	6296	0.142000
2906	6378	0.257000
2928	3653	0.064000
2931	448	0.184000
2931	474	0.200000
2931	727	0.175000
2931	738	0.174000
2931	1298	0.204000
2931	1399	0.184000
2931	1789	0.210000
2931	4035	0.256000
2931	4121	0.107000
2931	4135	0.256000
2931	4663	0.111000
2931	5211	0.218000
2931	5705	0.240000
2931	5761	0.222000
2931	5764	0.223000
2931	6048	0.195000
2931	6374	0.203000
2936	1732	0.021000
2937	238	0.206000
2937	1731	0.015000
2937	5509	0.498000
2938	1738	0.015000
2945	2057	0.181000
2945	2442	0.190000
2945	3056	0.174000
2945	3060	0.440000
2945	4998	0.139000
2950	1747	0.016000
2950	2470	0.416000
2950	3120	0.494000
2953	1751	0.014000
2958	1759	0.014000
2958	6008	0.096000
2977	601	0.079000
2977	1261	0.347000
2977	4923	0.071000
2977	5625	0.073000
2982	1183	0.239000
2986	217	0.369000
2986	345	0.307000
2986	1068	0.297000
2986	1784	0.369000
2986	4085	0.237000
2986	4088	0.260000
2986	5038	0.343000
2986	5055	0.342000
2986	5836	0.288000
3000	614	0.480000
3000	1729	0.280000
3000	5695	0.202000
3002	687	0.051000
3002	3783	0.048000
3002	4143	0.032000
3002	5200	0.227000
3008	431	0.110000
3008	878	0.194000
3008	3091	0.173000
3008	3092	0.077000
3008	4353	0.177000
3009	1171	0.450000
3010	48	0.143000
3010	339	0.148000
3010	383	0.192000
3010	524	0.093000
3010	1993	0.084000
3010	2175	0.143000
3010	3362	0.141000
3010	5798	0.089000
3017	4957	0.010000
3021	2695	0.185000
3021	3660	0.194000
3021	4932	0.267000
3026	910	0.072000
3026	1214	0.090000
3026	1239	0.067000
3026	3106	0.104000
3026	3112	0.080000
3026	3208	0.061000
3026	3391	0.065000
3026	4174	0.081000
3026	4872	0.425000
3026	5605	0.241000
3026	6057	0.320000
3027	1366	0.293000
3029	449	0.512000
3045	5921	0.071000
3049	3050	0.431000
3050	3049	0.431000
3051	688	0.181000
3051	2552	0.097000
3051	3482	0.081000
3051	3889	0.098000
3051	3907	0.112000
3053	3319	0.013000
3053	5476	0.013000
3056	2057	0.180000
3056	2442	0.191000
3056	2945	0.174000
3056	3060	0.504000
3057	415	0.208000
3057	2418	0.213000
3057	4080	0.224000
3059	1720	0.054000
3059	1899	0.208000
3059	3994	0.221000
3059	4712	0.138000
3059	4769	0.203000
3059	4892	0.171000
3059	4950	0.175000
3059	4965	0.191000
3060	2057	0.106000
3060	2442	0.447000
3060	2945	0.440000
3060	3056	0.504000
3062	1450	0.217000
3078	1486	0.226000
3078	4423	0.229000
3084	4151	0.089000
3084	5560	0.087000
3084	5682	0.092000
3087	5005	0.016000
3091	878	0.205000
3091	3008	0.173000
3091	3552	0.434000
3091	5094	0.131000
3092	878	0.214000
3092	3008	0.077000
3092	3552	0.143000
3092	4781	0.054000
3092	5094	0.120000
3093	523	0.019000
3093	3521	0.026000
3099	1073	0.249000
3099	1679	0.106000
3099	1776	0.132000
3099	2418	0.157000
3099	2545	0.337000
3099	4494	0.252000
3099	5647	0.078000
3099	5859	0.387000
3099	6288	0.100000
3106	217	0.229000
3106	910	0.093000
3106	1214	0.113000
3106	1239	0.100000
3106	1784	0.229000
3106	3026	0.104000
3106	3112	0.097000
3106	3208	0.095000
3106	3391	0.104000
3112	910	0.075000
3112	1214	0.090000
3112	1239	0.076000
3112	2023	0.260000
3112	2801	0.352000
3112	3026	0.080000
3112	3106	0.097000
3112	3208	0.069000
3112	3391	0.073000
3112	3766	0.238000
3120	1747	0.498000
3120	2470	0.027000
3120	2950	0.494000
3127	414	0.148000
3127	516	0.143000
3127	796	0.110000
3127	847	0.059000
3127	928	0.089000
3127	1040	0.072000
3127	1219	0.130000
3127	1270	0.108000
3127	1882	0.085000
3127	2076	0.159000
3127	2090	0.103000
3127	2183	0.101000
3127	2714	0.084000
3127	2822	0.067000
3127	3238	0.052000
3127	3751	0.141000
3127	3787	0.052000
3127	3843	0.118000
3127	4193	0.126000
3127	4845	0.055000
3127	5000	0.099000
3127	5274	0.132000
3127	5535	0.072000
3128	35	0.024000
3128	220	0.025000
3128	442	0.094000
3128	1616	0.037000
3128	1785	0.024000
3128	2713	0.089000
3128	3372	0.036000
3128	3858	0.024000
3128	4293	0.045000
3128	5101	0.029000
3128	6001	0.094000
3138	3651	0.015000
3138	3875	0.362000
3144	2264	0.192000
3144	4322	0.067000
3146	2482	0.015000
3146	3335	0.015000
3158	2657	0.215000
3158	5177	0.226000
3169	1889	0.160000
3169	1983	0.133000
3169	3990	0.164000
3176	3740	0.030000
3189	5412	0.191000
3199	1425	0.193000
3199	1725	0.205000
3199	2511	0.315000
3199	2821	0.326000
3199	3677	0.134000
3199	3973	0.106000
3199	5622	0.193000
3205	4932	0.209000
3208	217	0.225000
3208	910	0.078000
3208	1214	0.099000
3208	1239	0.073000
3208	1425	0.245000
3208	1784	0.225000
3208	3026	0.061000
3208	3106	0.095000
3208	3112	0.069000
3208	3391	0.079000
3208	4174	0.127000
3208	5055	0.210000
3208	5622	0.245000
3223	4273	0.067000
3229	3436	0.030000
3229	5796	0.041000
3238	414	0.091000
3238	516	0.073000
3238	847	0.051000
3238	928	0.044000
3238	1040	0.029000
3238	1219	0.060000
3238	1270	0.063000
3238	1882	0.088000
3238	2090	0.070000
3238	2183	0.057000
3238	2714	0.063000
3238	2822	0.075000
3238	3127	0.052000
3238	3751	0.103000
3238	3787	0.013000
3238	3843	0.058000
3238	4193	0.078000
3238	4845	0.056000
3238	5000	0.058000
3238	5697	0.056000
3238	6014	0.059000
3258	3667	0.017000
3263	292	0.079000
3263	865	0.065000
3263	926	0.079000
3263	1515	0.082000
3263	1559	0.152000
3263	1966	0.062000
3263	2191	0.060000
3263	3670	0.019000
3263	5331	0.082000
3263	6037	0.174000
3263	6101	0.022000
3276	3684	0.014000
3289	4291	0.014000
3290	691	0.015000
3297	697	0.021000
3297	5247	0.057000
3299	1261	0.056000
3299	4223	0.029000
3313	962	0.080000
3313	1924	0.114000
3313	3318	0.019000
3313	5475	0.016000
3318	1014	0.027000
3318	1656	0.025000
3318	3313	0.019000
3318	5475	0.013000
3319	581	0.018000
3319	2578	0.014000
3319	2583	0.018000
3319	3053	0.013000
3319	5476	0.013000
3333	6369	0.267000
3334	5781	0.477000
3335	2482	0.014000
3335	3146	0.015000
3359	1178	0.051000
3359	1334	0.079000
3359	2706	0.076000
3359	4129	0.057000
3359	4480	0.068000
3362	48	0.170000
3362	339	0.141000
3362	383	0.202000
3362	524	0.148000
3362	1993	0.140000
3362	2175	0.129000
3362	3010	0.141000
3362	5798	0.140000
3372	35	0.036000
3372	220	0.036000
3372	442	0.097000
3372	997	0.038000
3372	1616	0.016000
3372	1785	0.036000
3372	2713	0.108000
3372	3128	0.036000
3372	3858	0.036000
3372	4293	0.032000
3372	5101	0.038000
3372	6001	0.098000
3374	1620	0.015000
3375	1625	0.018000
3376	1627	0.032000
3376	6085	0.095000
3378	1633	0.023000
3390	1068	0.104000
3390	1833	0.220000
3390	2082	0.412000
3390	2554	0.245000
3390	2717	0.221000
3390	5139	0.301000
3391	910	0.055000
3391	1214	0.093000
3391	1239	0.080000
3391	1425	0.257000
3391	3026	0.065000
3391	3106	0.104000
3391	3112	0.073000
3391	3208	0.079000
3391	4099	0.215000
3391	5622	0.257000
3395	354	0.105000
3395	5185	0.065000
3395	5411	0.063000
3399	345	0.257000
3399	1042	0.216000
3399	1373	0.224000
3399	4099	0.201000
3399	4157	0.108000
3399	5754	0.136000
3399	6317	0.279000
3421	355	0.251000
3421	3912	0.290000
3421	6229	0.015000
3423	421	0.079000
3423	889	0.086000
3423	1405	0.075000
3423	2755	0.061000
3423	5609	0.061000
3430	180	0.017000
3432	696	0.080000
3436	3229	0.030000
3436	5796	0.523000
3439	1507	0.222000
3439	4024	0.204000
3441	2043	0.234000
3441	2431	0.234000
3449	245	0.144000
3449	302	0.507000
3451	4369	0.251000
3451	4465	0.221000
3454	566	0.184000
3454	2675	0.206000
3458	41	0.153000
3458	2195	0.223000
3458	2763	0.172000
3458	3892	0.050000
3458	4485	0.029000
3461	4157	0.203000
3466	2690	0.218000
3466	3797	0.200000
3466	6363	0.210000
3468	1725	0.475000
3474	2088	0.218000
3474	2371	0.203000
3474	2858	0.013000
3474	3932	0.350000
3474	4110	0.449000
3474	4369	0.327000
3474	4465	0.302000
3474	4668	0.355000
3474	5552	0.252000
3474	5641	0.271000
3474	5700	0.405000
3474	5804	0.230000
3474	6096	0.247000
3474	6194	0.364000
3477	2863	0.018000
3482	688	0.142000
3482	2552	0.058000
3482	3051	0.081000
3482	3889	0.070000
3482	3907	0.066000
3484	6044	0.234000
3485	1012	0.015000
3485	1940	0.045000
3485	5225	0.015000
3485	5982	0.069000
3486	1013	0.013000
3486	1942	0.013000
3486	5226	0.013000
3488	905	0.049000
3488	1014	0.013000
3488	1656	0.014000
3488	5308	0.014000
3488	5475	0.025000
3489	1015	0.013000
3489	3974	0.028000
3499	845	0.239000
3499	878	0.220000
3499	2023	0.277000
3499	2589	0.014000
3499	4691	0.243000
3499	5727	0.212000
3499	6040	0.209000
3502	426	0.242000
3502	2545	0.220000
3502	5038	0.247000
3502	6296	0.253000
3510	4626	0.124000
3512	448	0.091000
3512	1298	0.281000
3512	1399	0.217000
3512	1743	0.429000
3512	1789	0.291000
3512	3846	0.203000
3512	5705	0.244000
3512	5761	0.382000
3512	6374	0.221000
3519	1253	0.058000
3519	1856	0.100000
3519	4306	0.214000
3521	523	0.030000
3521	3093	0.026000
3522	2647	0.034000
3522	6252	0.218000
3522	6376	0.509000
3531	867	0.129000
3531	2602	0.053000
3552	431	0.218000
3552	878	0.201000
3552	3091	0.434000
3552	3092	0.143000
3552	3570	0.362000
3552	4353	0.456000
3552	5094	0.286000
3570	431	0.346000
3570	3552	0.362000
3577	1680	0.058000
3577	2132	0.056000
3577	4676	0.098000
3577	5245	0.064000
3584	841	0.040000
3584	5445	0.049000
3585	1228	0.315000
3585	1686	0.303000
3585	3717	0.338000
3604	2764	0.071000
3605	4630	0.027000
3608	3930	0.056000
3615	1294	0.088000
3629	4652	0.017000
3634	4660	0.042000
3634	5733	0.211000
3636	642	0.145000
3644	4665	0.040000
3647	1444	0.041000
3647	2034	0.322000
3647	6272	0.284000
3648	772	0.051000
3648	907	0.244000
3648	935	0.392000
3648	1434	0.057000
3648	1719	0.086000
3648	2060	0.040000
3648	3702	0.097000
3648	3925	0.217000
3648	5223	0.062000
3648	5606	0.050000
3648	5751	0.049000
3648	5968	0.087000
3648	6209	0.091000
3648	6369	0.090000
3651	3138	0.015000
3651	3875	0.376000
3653	2928	0.064000
3653	4489	0.089000
3655	786	0.051000
3655	5373	0.055000
3659	2667	0.015000
3660	3021	0.194000
3660	4932	0.206000
3662	426	0.261000
3662	5319	0.238000
3662	5866	0.234000
3663	432	0.029000
3663	2320	0.047000
3663	4018	0.056000
3663	5924	0.066000
3667	3258	0.017000
3670	292	0.081000
3670	1515	0.088000
3670	1559	0.177000
3670	1966	0.084000
3670	2191	0.065000
3670	3263	0.019000
3670	5331	0.083000
3670	5447	0.075000
3670	5724	0.084000
3670	6037	0.112000
3670	6101	0.022000
3674	232	0.507000
3674	1798	0.507000
3677	217	0.299000
3677	1425	0.070000
3677	1784	0.299000
3677	3199	0.134000
3677	3973	0.131000
3677	4099	0.277000
3677	5622	0.070000
3678	978	0.156000
3678	2089	0.108000
3684	3276	0.014000
3685	211	0.049000
3685	1781	0.049000
3685	2601	0.052000
3685	5378	0.088000
3686	6129	0.525000
3695	376	0.081000
3695	5986	0.214000
3702	345	0.169000
3702	772	0.117000
3702	891	0.137000
3702	1413	0.134000
3702	1434	0.112000
3702	1685	0.184000
3702	1719	0.236000
3702	2060	0.096000
3702	3648	0.097000
3702	3868	0.146000
3702	4321	0.130000
3702	4636	0.195000
3702	5223	0.151000
3702	5606	0.099000
3702	5751	0.082000
3702	5968	0.199000
3702	6209	0.174000
3702	6369	0.101000
3712	3833	0.101000
3712	4101	0.110000
3712	6171	0.126000
3714	1388	0.301000
3714	1770	0.505000
3714	5268	0.060000
3717	3585	0.338000
3717	4569	0.289000
3717	6044	0.224000
3720	4530	0.108000
3737	304	0.213000
3737	5094	0.093000
3740	3176	0.030000
3741	544	0.024000
3741	687	0.087000
3741	1700	0.046000
3741	1922	0.074000
3741	2222	0.061000
3741	3783	0.134000
3741	4177	0.058000
3741	4397	0.045000
3741	4466	0.138000
3741	4981	0.029000
3741	5578	0.038000
3751	414	0.171000
3751	516	0.158000
3751	796	0.164000
3751	847	0.075000
3751	928	0.111000
3751	1040	0.097000
3751	1219	0.151000
3751	1270	0.140000
3751	1882	0.143000
3751	2076	0.169000
3751	2090	0.118000
3751	2183	0.186000
3751	2714	0.114000
3751	2822	0.115000
3751	3127	0.141000
3751	3238	0.103000
3751	3787	0.103000
3751	3843	0.164000
3751	3925	0.224000
3751	4193	0.147000
3751	4845	0.093000
3751	5000	0.128000
3751	5274	0.142000
3751	5535	0.123000
3751	5697	0.144000
3751	6014	0.193000
3753	4210	0.082000
3753	6304	0.206000
3766	183	0.201000
3766	868	0.139000
3766	2023	0.396000
3766	3112	0.238000
3766	6057	0.200000
3767	333	0.037000
3767	334	0.042000
3767	404	0.066000
3767	608	0.032000
3767	1069	0.032000
3767	1183	0.056000
3767	1545	0.034000
3767	1650	0.061000
3767	1939	0.061000
3767	5160	0.057000
3767	5162	0.057000
3767	5335	0.038000
3767	5845	0.058000
3767	6166	0.067000
3767	6175	0.035000
3771	5775	0.103000
3783	1887	0.042000
3783	2222	0.163000
3783	3002	0.048000
3783	3741	0.134000
3783	4143	0.041000
3783	4466	0.180000
3783	4978	0.045000
3783	5578	0.041000
3784	563	0.208000
3787	414	0.091000
3787	516	0.073000
3787	796	0.042000
3787	847	0.051000
3787	928	0.044000
3787	1040	0.029000
3787	1219	0.060000
3787	1270	0.063000
3787	1882	0.088000
3787	2090	0.070000
3787	2183	0.057000
3787	2714	0.063000
3787	2822	0.075000
3787	3127	0.052000
3787	3238	0.013000
3787	3751	0.103000
3787	3843	0.058000
3787	4193	0.078000
3787	4845	0.056000
3787	5000	0.058000
3787	5535	0.050000
3787	5697	0.056000
3797	973	0.388000
3797	2052	0.245000
3797	3466	0.200000
3797	3812	0.263000
3804	2437	0.032000
3812	1196	0.099000
3812	3797	0.263000
3812	6266	0.057000
3812	6363	0.340000
3814	1680	0.065000
3814	2132	0.049000
3814	4676	0.121000
3814	5245	0.060000
3817	4871	0.154000
3833	153	0.206000
3833	3712	0.101000
3833	4101	0.166000
3833	6171	0.096000
3834	573	0.126000
3834	653	0.013000
3834	4522	0.198000
3834	4635	0.164000
3834	5875	0.176000
3843	414	0.128000
3843	516	0.191000
3843	796	0.116000
3843	928	0.090000
3843	1040	0.073000
3843	1219	0.130000
3843	1270	0.107000
3843	1882	0.116000
3843	2076	0.186000
3843	2090	0.087000
3843	2183	0.109000
3843	2714	0.067000
3843	2822	0.069000
3843	3127	0.118000
3843	3238	0.058000
3843	3751	0.164000
3843	3787	0.058000
3843	4193	0.114000
3843	4845	0.069000
3843	5000	0.109000
3843	5274	0.143000
3843	5535	0.094000
3843	5697	0.125000
3843	6014	0.172000
3846	474	0.150000
3846	1399	0.171000
3846	2112	0.336000
3846	3512	0.203000
3846	4891	0.204000
3846	5211	0.154000
3846	6374	0.080000
3851	682	0.087000
3851	2665	0.114000
3858	35	0.013000
3858	220	0.016000
3858	442	0.084000
3858	1616	0.038000
3858	1785	0.016000
3858	2713	0.088000
3858	3128	0.024000
3858	3372	0.036000
3858	4293	0.041000
3858	5101	0.025000
3858	6001	0.083000
3860	1285	0.044000
3861	6253	0.204000
3868	345	0.170000
3868	891	0.072000
3868	1719	0.161000
3868	3702	0.146000
3868	4321	0.073000
3868	5223	0.132000
3868	5968	0.144000
3868	6369	0.050000
3875	3138	0.362000
3875	3651	0.376000
3879	415	0.425000
3879	2623	0.014000
3889	688	0.200000
3889	2552	0.081000
3889	3051	0.098000
3889	3482	0.070000
3889	3907	0.072000
3892	41	0.156000
3892	2195	0.200000
3892	2763	0.180000
3892	3458	0.050000
3892	4485	0.054000
3895	404	0.066000
3895	1183	0.099000
3895	1939	0.054000
3895	5845	0.074000
3895	6166	0.050000
3895	6175	0.019000
3896	6174	0.023000
3907	688	0.142000
3907	2552	0.066000
3907	3051	0.112000
3907	3482	0.066000
3907	3889	0.072000
3911	5222	0.080000
3912	2801	0.307000
3912	3421	0.290000
3912	6229	0.290000
3925	935	0.326000
3925	1068	0.321000
3925	1214	0.355000
3925	1612	0.462000
3925	3648	0.217000
3925	3751	0.224000
3925	3979	0.202000
3925	4886	0.370000
3925	5196	0.351000
3925	5440	0.353000
3925	6057	0.329000
3925	6283	0.224000
3930	3608	0.056000
3931	4667	0.015000
3932	727	0.382000
3932	796	0.290000
3932	1373	0.239000
3932	2858	0.350000
3932	3474	0.350000
3932	4668	0.014000
3932	6167	0.211000
3937	2698	0.032000
3937	5441	0.034000
3947	2500	0.020000
3948	1419	0.065000
3948	2367	0.015000
3948	4040	0.015000
3952	2505	0.014000
3960	2340	0.200000
3962	543	0.026000
3964	935	0.257000
3972	167	0.252000
3972	349	0.252000
3973	1425	0.096000
3973	2511	0.240000
3973	3199	0.106000
3973	3677	0.131000
3973	5622	0.096000
3974	1015	0.029000
3974	3489	0.028000
3979	238	0.436000
3979	779	0.338000
3979	2462	0.231000
3979	3925	0.202000
3979	4815	0.227000
3979	6288	0.322000
3985	905	0.050000
3985	962	0.056000
3985	1534	0.059000
3985	2745	0.021000
3985	5420	0.069000
3990	1889	0.122000
3990	1983	0.155000
3990	3169	0.164000
3993	1135	0.023000
3994	1720	0.185000
3994	1899	0.141000
3994	3059	0.221000
3994	4712	0.133000
3994	4769	0.101000
3994	4892	0.127000
3994	4950	0.084000
3994	4965	0.122000
3994	5338	0.277000
3996	574	0.023000
3996	6187	0.181000
4018	156	0.040000
4018	865	0.083000
4018	872	0.055000
4018	1515	0.086000
4018	1559	0.078000
4018	2191	0.120000
4018	2320	0.039000
4018	3663	0.056000
4018	5331	0.063000
4018	5724	0.069000
4018	6107	0.067000
4018	6240	0.060000
4024	3439	0.204000
4024	4664	0.314000
4035	199	0.288000
4035	474	0.199000
4035	715	0.118000
4035	727	0.148000
4035	738	0.207000
4035	1399	0.192000
4035	2931	0.256000
4035	4121	0.193000
4035	4135	0.148000
4035	4891	0.177000
4035	5211	0.124000
4035	5705	0.216000
4035	5761	0.184000
4035	5764	0.147000
4035	6048	0.139000
4035	6374	0.161000
4040	1419	0.066000
4040	2367	0.016000
4040	3948	0.015000
4052	6255	0.032000
4061	85	0.028000
4066	1354	0.040000
4068	1354	0.040000
4071	1354	0.040000
4073	1354	0.040000
4076	187	0.099000
4076	2671	0.100000
4076	6387	0.147000
4078	800	0.197000
4078	1881	0.308000
4078	2457	0.192000
4078	4088	0.259000
4078	5187	0.478000
4078	5383	0.181000
4080	1373	0.243000
4080	3057	0.224000
4085	2986	0.237000
4087	830	0.019000
4087	4894	0.018000
4088	800	0.461000
4088	1881	0.284000
4088	2457	0.471000
4088	2986	0.260000
4088	4078	0.259000
4088	5055	0.313000
4088	5187	0.519000
4088	5383	0.306000
4088	6201	0.207000
4093	1539	0.014000
4098	1537	0.016000
4099	426	0.312000
4099	1620	0.215000
4099	3391	0.215000
4099	3399	0.201000
4099	3677	0.277000
4099	4157	0.355000
4099	5319	0.400000
4099	5509	0.220000
4099	6317	0.202000
4101	3712	0.110000
4101	3833	0.166000
4101	4858	0.048000
4101	6171	0.043000
4110	2858	0.449000
4110	3474	0.449000
4110	5552	0.236000
4110	5700	0.269000
4110	5804	0.042000
4110	6194	0.204000
4121	1298	0.092000
4121	1399	0.209000
4121	1789	0.279000
4121	2112	0.089000
4121	2931	0.107000
4121	4035	0.193000
4121	5761	0.151000
4121	5764	0.357000
4129	725	0.073000
4129	1334	0.052000
4129	3359	0.057000
4135	426	0.226000
4135	448	0.169000
4135	474	0.173000
4135	715	0.171000
4135	727	0.177000
4135	738	0.189000
4135	1399	0.173000
4135	2931	0.256000
4135	4035	0.148000
4135	4663	0.098000
4135	5211	0.174000
4135	5705	0.229000
4135	5761	0.193000
4135	5764	0.156000
4135	6048	0.167000
4135	6374	0.123000
4143	3002	0.032000
4143	3783	0.041000
4143	4466	0.068000
4143	4978	0.038000
4148	2568	0.334000
4151	184	0.098000
4151	285	0.091000
4151	3084	0.089000
4151	5560	0.015000
4151	5682	0.015000
4153	5689	0.412000
4157	465	0.246000
4157	1042	0.256000
4157	1612	0.222000
4157	1813	0.232000
4157	1833	0.283000
4157	2201	0.230000
4157	2441	0.249000
4157	3399	0.108000
4157	3461	0.203000
4157	4099	0.355000
4157	5754	0.059000
4157	5973	0.247000
4157	6317	0.278000
4157	6383	0.205000
4158	5999	0.232000
4167	2131	0.214000
4167	6004	0.215000
4168	4623	0.332000
4173	1967	0.016000
4174	910	0.101000
4174	1214	0.106000
4174	3026	0.081000
4174	3208	0.127000
4177	544	0.037000
4177	687	0.057000
4177	1700	0.056000
4177	1887	0.034000
4177	1922	0.058000
4177	2222	0.058000
4177	3741	0.058000
4177	4466	0.151000
4177	5578	0.031000
4181	5657	0.017000
4191	163	0.086000
4191	479	0.087000
4191	1618	0.084000
4191	2213	0.084000
4191	6204	0.079000
4193	414	0.152000
4193	516	0.124000
4193	796	0.076000
4193	847	0.105000
4193	928	0.095000
4193	1040	0.092000
4193	1219	0.153000
4193	1270	0.133000
4193	1882	0.165000
4193	2076	0.137000
4193	2090	0.136000
4193	2183	0.130000
4193	2714	0.110000
4193	2822	0.115000
4193	3127	0.126000
4193	3238	0.078000
4193	3751	0.147000
4193	3787	0.078000
4193	3843	0.114000
4193	4845	0.083000
4193	5000	0.090000
4193	5274	0.127000
4193	5535	0.118000
4193	5697	0.114000
4193	6014	0.153000
4198	2155	0.096000
4201	1059	0.320000
4201	5670	0.033000
4208	6131	0.409000
4210	895	0.258000
4210	2045	0.241000
4210	3753	0.082000
4210	5355	0.204000
4212	1700	0.039000
4212	4466	0.163000
4212	5675	0.014000
4219	1288	0.060000
4219	5680	0.022000
4223	3299	0.029000
4227	4228	0.028000
4228	4227	0.028000
4254	2303	0.015000
4254	5001	0.246000
4254	5866	0.330000
4261	415	0.357000
4261	2801	0.229000
4261	5021	0.208000
4261	5354	0.218000
4266	2313	0.014000
4266	4494	0.229000
4273	3223	0.067000
4276	2323	0.021000
4281	5112	0.243000
4291	3289	0.014000
4293	35	0.041000
4293	220	0.043000
4293	442	0.122000
4293	997	0.047000
4293	1785	0.043000
4293	2713	0.126000
4293	3128	0.045000
4293	3372	0.032000
4293	3858	0.041000
4293	5101	0.047000
4293	6001	0.124000
4302	563	0.036000
4306	3519	0.214000
4306	5830	0.231000
4312	825	0.018000
4321	345	0.150000
4321	891	0.059000
4321	1719	0.151000
4321	3702	0.130000
4321	3868	0.073000
4321	5223	0.121000
4321	5968	0.140000
4322	2264	0.187000
4322	3144	0.067000
4329	4482	0.117000
4329	5249	0.145000
4330	838	0.015000
4330	2568	0.454000
4330	6378	0.237000
4353	3008	0.177000
4353	3552	0.456000
4359	136	0.016000
4359	137	0.015000
4359	2878	0.014000
4359	4457	0.015000
4360	901	0.034000
4360	1815	0.047000
4365	875	0.347000
4365	1264	0.270000
4365	2718	0.211000
4365	4872	0.256000
4365	5001	0.220000
4365	5492	0.273000
4365	5980	0.223000
4365	6296	0.225000
4366	5459	0.052000
4369	238	0.452000
4369	1239	0.234000
4369	2858	0.327000
4369	3451	0.251000
4369	3474	0.327000
4369	4465	0.014000
4369	4815	0.357000
4369	4872	0.246000
4377	4476	0.027000
4378	4477	0.024000
4378	4533	0.279000
4378	4763	0.263000
4378	5279	0.385000
4388	758	0.014000
4388	1783	0.262000
4388	5023	0.018000
4397	3741	0.045000
4421	1480	0.026000
4423	1486	0.014000
4423	2005	0.247000
4423	3078	0.229000
4423	5021	0.202000
4425	1489	0.014000
4427	1492	0.015000
4441	124	0.130000
4451	4873	0.262000
4457	136	0.019000
4457	137	0.016000
4457	2878	0.016000
4457	4359	0.015000
4462	295	0.229000
4462	1030	0.225000
4463	2678	0.070000
4465	238	0.432000
4465	1239	0.246000
4465	2858	0.302000
4465	3451	0.221000
4465	3474	0.302000
4465	4369	0.014000
4465	4815	0.337000
4465	4872	0.221000
4465	5196	0.207000
4465	5440	0.200000
4466	2222	0.163000
4466	3741	0.138000
4466	3783	0.180000
4466	4143	0.068000
4466	4177	0.151000
4466	4212	0.163000
4466	4978	0.125000
4466	5675	0.176000
4472	1937	0.042000
4476	1556	0.045000
4476	4377	0.027000
4476	5024	0.038000
4477	4378	0.024000
4477	4533	0.319000
4477	4763	0.260000
4477	5279	0.426000
4480	725	0.030000
4480	1334	0.036000
4480	2706	0.041000
4480	3359	0.068000
4482	4329	0.117000
4482	5249	0.176000
4485	41	0.156000
4485	2195	0.211000
4485	2763	0.196000
4485	3458	0.029000
4485	3892	0.054000
4489	3653	0.089000
4494	1679	0.080000
4494	2023	0.041000
4494	2313	0.230000
4494	2418	0.040000
4494	2545	0.051000
4494	3099	0.252000
4494	4266	0.229000
4494	6135	0.290000
4499	2407	0.200000
4499	6335	0.197000
4504	395	0.060000
4504	1096	0.123000
4504	4816	0.030000
4512	4826	0.019000
4516	2547	0.216000
4516	5277	0.283000
4516	5413	0.223000
4522	573	0.130000
4522	653	0.150000
4522	2515	0.202000
4522	3834	0.198000
4522	5875	0.049000
4522	6393	0.165000
4527	849	0.047000
4527	4694	0.042000
4530	754	0.160000
4530	3720	0.108000
4533	4378	0.279000
4533	4477	0.319000
4533	4763	0.232000
4533	5279	0.474000
4550	1624	0.440000
4550	4895	0.213000
4552	905	0.060000
4552	962	0.032000
4552	1376	0.017000
4552	1377	0.017000
4552	1379	0.020000
4552	1534	0.097000
4552	2743	0.020000
4552	2745	0.022000
4552	2747	0.018000
4552	5420	0.077000
4557	1442	0.249000
4557	2652	0.194000
4565	2249	0.516000
4569	376	0.238000
4569	1600	0.226000
4569	3717	0.289000
4569	5749	0.345000
4603	1543	0.179000
4603	1925	0.037000
4623	4168	0.332000
4626	3510	0.124000
4629	417	0.020000
4629	4860	0.017000
4629	5402	0.017000
4630	3605	0.027000
4630	4631	0.524000
4631	4630	0.524000
4635	573	0.079000
4635	653	0.145000
4635	2515	0.181000
4635	3834	0.164000
4635	6393	0.186000
4636	345	0.078000
4636	1413	0.133000
4636	1434	0.089000
4636	1685	0.033000
4636	1719	0.125000
4636	2306	0.114000
4636	3702	0.195000
4636	5223	0.176000
4636	5968	0.183000
4636	6209	0.074000
4636	6369	0.101000
4642	1944	0.024000
4642	5228	0.025000
4643	1943	0.017000
4643	5227	0.017000
4644	1672	0.193000
4644	5289	0.215000
4648	264	0.062000
4652	3629	0.017000
4655	594	0.237000
4655	1419	0.089000
4655	1605	0.160000
4657	2686	0.128000
4660	3634	0.042000
4660	5733	0.143000
4663	448	0.133000
4663	474	0.159000
4663	715	0.088000
4663	727	0.122000
4663	738	0.121000
4663	1298	0.201000
4663	1399	0.138000
4663	2931	0.111000
4663	4135	0.098000
4663	4891	0.141000
4663	5211	0.166000
4663	5705	0.146000
4663	5764	0.126000
4663	6048	0.168000
4663	6374	0.140000
4664	4024	0.314000
4665	3644	0.040000
4667	3931	0.015000
4668	727	0.384000
4668	796	0.288000
4668	1373	0.246000
4668	2858	0.355000
4668	3474	0.355000
4668	3932	0.014000
4668	6167	0.217000
4676	1680	0.127000
4676	2132	0.093000
4676	3577	0.098000
4676	3814	0.121000
4676	5245	0.153000
4680	5211	0.230000
4688	292	0.125000
4688	865	0.137000
4688	1515	0.074000
4688	5201	0.059000
4688	5924	0.032000
4688	6107	0.126000
4688	6240	0.040000
4691	845	0.014000
4691	2023	0.309000
4691	3499	0.243000
4692	846	0.014000
4694	849	0.026000
4694	4527	0.042000
4695	727	0.083000
4695	1743	0.315000
4695	1789	0.185000
4695	2112	0.145000
4701	213	0.117000
4701	758	0.114000
4701	1783	0.121000
4701	5023	0.112000
4712	1720	0.138000
4712	1899	0.110000
4712	3059	0.138000
4712	3994	0.133000
4712	4769	0.112000
4712	4892	0.098000
4712	4950	0.103000
4712	4965	0.132000
4718	747	0.408000
4718	921	0.397000
4718	1120	0.410000
4718	1885	0.349000
4718	2771	0.452000
4718	4970	0.169000
4718	5407	0.422000
4718	6061	0.195000
4720	2686	0.086000
4720	4721	0.014000
4720	5871	0.042000
4720	5955	0.046000
4721	2686	0.069000
4721	4720	0.014000
4721	5871	0.040000
4721	5955	0.046000
4739	6138	0.013000
4760	2531	0.036000
4763	4378	0.263000
4763	4477	0.260000
4763	4533	0.232000
4763	5279	0.417000
4765	450	0.083000
4765	5989	0.083000
4769	1720	0.183000
4769	1899	0.098000
4769	3059	0.203000
4769	3994	0.101000
4769	4712	0.112000
4769	4892	0.118000
4769	4950	0.065000
4769	4965	0.107000
4781	3092	0.054000
4789	5787	0.051000
4799	1229	0.173000
4799	5810	0.028000
4803	1683	0.127000
4803	2893	0.016000
4803	5812	0.023000
4815	465	0.345000
4815	1620	0.284000
4815	1833	0.240000
4815	2568	0.211000
4815	3979	0.227000
4815	4369	0.357000
4815	4465	0.337000
4815	4872	0.276000
4815	5354	0.276000
4815	5973	0.346000
4816	395	0.064000
4816	1096	0.117000
4816	4504	0.030000
4822	273	0.035000
4826	4512	0.019000
4834	573	0.369000
4834	653	0.160000
4834	5875	0.050000
4834	6393	0.166000
4845	414	0.102000
4845	516	0.099000
4845	796	0.106000
4845	847	0.085000
4845	1040	0.072000
4845	1219	0.078000
4845	1270	0.105000
4845	1882	0.080000
4845	2076	0.155000
4845	2090	0.095000
4845	2183	0.100000
4845	2714	0.074000
4845	2822	0.077000
4845	3127	0.055000
4845	3238	0.056000
4845	3751	0.093000
4845	3787	0.056000
4845	3843	0.069000
4845	4193	0.083000
4845	5000	0.083000
4845	5274	0.125000
4845	5535	0.088000
4845	5697	0.090000
4845	6014	0.093000
4849	225	0.521000
4849	1269	0.232000
4853	1084	0.158000
4853	1259	0.193000
4857	2247	0.349000
4857	5617	0.283000
4858	4101	0.048000
4858	6171	0.050000
4860	417	0.017000
4860	4629	0.017000
4860	5402	0.014000
4863	2570	0.023000
4863	2573	0.116000
4871	3817	0.154000
4871	5571	0.161000
4872	387	0.354000
4872	415	0.261000
4872	875	0.228000
4872	1833	0.246000
4872	2418	0.044000
4872	2501	0.200000
4872	2545	0.045000
4872	3026	0.425000
4872	4365	0.256000
4872	4369	0.246000
4872	4465	0.221000
4872	4815	0.276000
4872	5354	0.035000
4872	5492	0.245000
4872	5605	0.387000
4872	5859	0.038000
4872	6266	0.354000
4872	6272	0.225000
4873	4451	0.262000
4880	6174	0.011000
4881	1573	0.022000
4881	5888	0.013000
4881	6179	0.013000
4882	2546	0.019000
4882	2827	0.020000
4882	5890	0.013000
4882	6180	0.013000
4886	465	0.345000
4886	2554	0.218000
4886	3925	0.370000
4886	5827	0.296000
4886	5973	0.342000
4886	6057	0.222000
4890	245	0.319000
4890	5077	0.365000
4891	448	0.177000
4891	474	0.164000
4891	727	0.166000
4891	738	0.166000
4891	1298	0.194000
4891	1399	0.190000
4891	3846	0.204000
4891	4035	0.177000
4891	4663	0.141000
4891	5211	0.173000
4891	5705	0.192000
4891	5764	0.160000
4891	6048	0.145000
4891	6374	0.210000
4892	1720	0.163000
4892	1899	0.120000
4892	3059	0.171000
4892	3994	0.127000
4892	4712	0.098000
4892	4769	0.118000
4892	4950	0.079000
4892	4965	0.146000
4894	830	0.021000
4894	4087	0.018000
4895	4550	0.213000
4906	2206	0.123000
4906	5224	0.130000
4906	6254	0.203000
4923	2977	0.071000
4923	5625	0.045000
4926	5830	0.226000
4932	2695	0.203000
4932	3021	0.267000
4932	3205	0.209000
4932	3660	0.206000
4950	797	0.290000
4950	1720	0.161000
4950	1899	0.102000
4950	3059	0.175000
4950	3994	0.084000
4950	4712	0.103000
4950	4769	0.065000
4950	4892	0.079000
4950	4965	0.070000
4953	2159	0.014000
4957	3017	0.010000
4957	5640	0.226000
4959	1171	0.108000
4959	2483	0.135000
4961	1060	0.090000
4965	1720	0.187000
4965	1899	0.146000
4965	3059	0.191000
4965	3994	0.122000
4965	4712	0.132000
4965	4769	0.107000
4965	4892	0.146000
4965	4950	0.070000
4970	747	0.403000
4970	921	0.388000
4970	1120	0.410000
4970	1885	0.385000
4970	2771	0.452000
4970	4718	0.169000
4970	5407	0.424000
4970	6061	0.225000
4978	1887	0.049000
4978	3783	0.045000
4978	4143	0.038000
4978	4466	0.125000
4978	5578	0.048000
4981	3741	0.029000
4986	2435	0.020000
4986	5590	0.020000
4992	5597	0.016000
4998	2057	0.488000
4998	2945	0.139000
4998	6075	0.234000
5000	414	0.131000
5000	796	0.097000
5000	928	0.094000
5000	1040	0.060000
5000	1219	0.129000
5000	1270	0.092000
5000	1882	0.143000
5000	2076	0.122000
5000	2090	0.052000
5000	2183	0.091000
5000	2714	0.079000
5000	2822	0.082000
5000	3127	0.099000
5000	3238	0.058000
5000	3751	0.128000
5000	3787	0.058000
5000	3843	0.109000
5000	4193	0.090000
5000	4845	0.083000
5000	5274	0.142000
5000	5535	0.081000
5000	5697	0.055000
5000	6014	0.055000
5001	2303	0.244000
5001	4254	0.246000
5001	4365	0.220000
5001	5038	0.282000
5001	5980	0.223000
5005	3087	0.016000
5017	1039	0.379000
5017	5246	0.299000
5021	1486	0.203000
5021	4261	0.208000
5021	4423	0.202000
5021	5641	0.391000
5021	5735	0.299000
5021	6296	0.206000
5023	213	0.177000
5023	758	0.018000
5023	1783	0.395000
5023	4388	0.018000
5023	4701	0.112000
5024	1556	0.040000
5024	4476	0.038000
5032	2403	0.044000
5032	6327	0.045000
5038	2986	0.343000
5038	3502	0.247000
5038	5001	0.282000
5038	5136	0.233000
5038	5866	0.231000
5053	2793	0.015000
5053	5700	0.220000
5055	345	0.284000
5055	355	0.265000
5055	2986	0.342000
5055	3208	0.210000
5055	4088	0.313000
5061	5787	0.206000
5073	5738	0.448000
5077	245	0.217000
5077	1139	0.407000
5077	2843	0.213000
5077	4890	0.365000
5094	878	0.356000
5094	3091	0.131000
5094	3092	0.120000
5094	3552	0.286000
5094	3737	0.093000
5099	2261	0.209000
5099	5608	0.525000
5101	35	0.025000
5101	220	0.025000
5101	442	0.087000
5101	997	0.013000
5101	1616	0.039000
5101	2713	0.095000
5101	3128	0.029000
5101	3372	0.038000
5101	3858	0.025000
5101	4293	0.047000
5101	6001	0.087000
5109	811	0.209000
5112	4281	0.243000
5130	705	0.202000
5130	1647	0.218000
5130	5489	0.147000
5136	5038	0.233000
5139	907	0.242000
5139	1068	0.273000
5139	3390	0.301000
5139	5605	0.227000
5139	5790	0.330000
5141	1133	0.162000
5160	334	0.074000
5160	608	0.039000
5160	1183	0.062000
5160	2481	0.062000
5160	3767	0.057000
5160	5335	0.066000
5160	5845	0.060000
5160	6166	0.057000
5162	1650	0.021000
5162	2481	0.065000
5162	3767	0.057000
5162	5845	0.060000
5166	2196	0.141000
5166	6008	0.147000
5177	179	0.300000
5177	3158	0.226000
5185	354	0.119000
5185	3395	0.065000
5185	5411	0.058000
5187	800	0.517000
5187	1881	0.406000
5187	2457	0.522000
5187	4078	0.478000
5187	4088	0.519000
5187	5383	0.466000
5195	1905	0.239000
5195	2568	0.221000
5195	5439	0.014000
5196	167	0.202000
5196	349	0.202000
5196	1068	0.228000
5196	1214	0.243000
5196	1620	0.213000
5196	1857	0.263000
5196	3925	0.351000
5196	4465	0.207000
5196	5440	0.014000
5200	3002	0.227000
5201	292	0.079000
5201	432	0.065000
5201	865	0.153000
5201	4688	0.059000
5201	5447	0.040000
5201	5550	0.060000
5201	5924	0.056000
5201	6240	0.076000
5211	448	0.141000
5211	474	0.220000
5211	727	0.138000
5211	1298	0.183000
5211	1399	0.202000
5211	1789	0.186000
5211	2931	0.218000
5211	3846	0.154000
5211	4035	0.124000
5211	4135	0.174000
5211	4663	0.166000
5211	4680	0.230000
5211	4891	0.173000
5211	5705	0.218000
5211	5764	0.196000
5211	6048	0.157000
5211	6374	0.183000
5212	905	0.034000
5212	962	0.052000
5212	1534	0.062000
5212	1893	0.030000
5212	5420	0.055000
5222	3911	0.080000
5223	345	0.165000
5223	772	0.091000
5223	891	0.114000
5223	1434	0.081000
5223	1685	0.158000
5223	1719	0.207000
5223	2060	0.081000
5223	2306	0.097000
5223	3648	0.062000
5223	3702	0.151000
5223	3868	0.132000
5223	4321	0.121000
5223	4636	0.176000
5223	5606	0.082000
5223	5751	0.087000
5223	5968	0.183000
5223	6209	0.167000
5223	6369	0.082000
5224	2206	0.035000
5224	4906	0.130000
5224	6254	0.103000
5225	763	0.018000
5225	1012	0.014000
5225	1940	0.020000
5225	3485	0.015000
5226	1013	0.013000
5226	1942	0.013000
5226	3486	0.013000
5227	1943	0.013000
5227	4643	0.017000
5228	1944	0.013000
5228	4642	0.025000
5235	660	0.017000
5235	6184	0.039000
5236	665	0.018000
5236	1424	0.069000
5245	1680	0.058000
5245	2132	0.053000
5245	3577	0.064000
5245	3814	0.060000
5245	4676	0.153000
5246	1039	0.134000
5246	5017	0.299000
5247	697	0.060000
5247	3297	0.057000
5249	4329	0.145000
5249	4482	0.176000
5261	1615	0.065000
5268	1770	0.093000
5268	3714	0.060000
5269	729	0.018000
5269	2540	0.072000
5269	2816	0.064000
5274	414	0.180000
5274	516	0.153000
5274	796	0.154000
5274	847	0.109000
5274	928	0.098000
5274	1040	0.089000
5274	1219	0.172000
5274	1270	0.165000
5274	1882	0.162000
5274	2076	0.147000
5274	2090	0.134000
5274	2183	0.141000
5274	2714	0.120000
5274	2822	0.129000
5274	3127	0.132000
5274	3751	0.142000
5274	3843	0.143000
5274	4193	0.127000
5274	4845	0.125000
5274	5000	0.142000
5274	5535	0.123000
5274	5697	0.154000
5274	6014	0.202000
5277	2547	0.415000
5277	4516	0.283000
5277	5413	0.221000
5279	4378	0.385000
5279	4477	0.426000
5279	4533	0.474000
5279	4763	0.417000
5289	1672	0.115000
5289	4644	0.215000
5308	905	0.047000
5308	1014	0.014000
5308	1427	0.066000
5308	1534	0.086000
5308	1656	0.013000
5308	3488	0.014000
5308	5420	0.053000
5319	2088	0.286000
5319	3662	0.238000
5319	4099	0.400000
5319	6096	0.294000
5331	292	0.149000
5331	865	0.096000
5331	926	0.140000
5331	1515	0.102000
5331	1559	0.193000
5331	2191	0.124000
5331	3263	0.082000
5331	3670	0.083000
5331	4018	0.063000
5331	5724	0.153000
5331	6037	0.154000
5331	6101	0.102000
5331	6107	0.097000
5335	333	0.045000
5335	334	0.046000
5335	608	0.044000
5335	1069	0.046000
5335	1183	0.101000
5335	1545	0.044000
5335	1650	0.067000
5335	1939	0.075000
5335	2481	0.043000
5335	3767	0.038000
5335	5160	0.066000
5335	5845	0.074000
5335	6166	0.062000
5336	1322	0.228000
5338	66	0.135000
5338	2155	0.230000
5338	2821	0.259000
5338	2843	0.339000
5338	3994	0.277000
5338	6233	0.236000
5348	2155	0.489000
5354	238	0.292000
5354	1294	0.231000
5354	2418	0.031000
5354	2568	0.375000
5354	4261	0.218000
5354	4815	0.276000
5354	4872	0.035000
5354	5859	0.055000
5354	6105	0.202000
5354	6272	0.249000
5355	895	0.247000
5355	1422	0.021000
5355	4210	0.204000
5355	5635	0.348000
5359	44	0.046000
5365	5368	0.316000
5368	167	0.226000
5368	349	0.226000
5368	364	0.219000
5368	442	0.210000
5368	1413	0.218000
5368	5365	0.316000
5368	6001	0.251000
5372	6112	0.343000
5372	6159	0.015000
5372	6307	0.017000
5373	786	0.022000
5373	3655	0.055000
5375	2664	0.218000
5376	787	0.019000
5378	211	0.058000
5378	1781	0.058000
5378	2601	0.066000
5378	3685	0.088000
5381	909	0.205000
5381	1317	0.088000
5383	800	0.025000
5383	1373	0.340000
5383	1881	0.203000
5383	2457	0.074000
5383	4078	0.181000
5383	4088	0.306000
5383	5187	0.466000
5385	1217	0.150000
5385	5513	0.138000
5385	5908	0.108000
5402	417	0.017000
5402	4629	0.017000
5402	4860	0.014000
5407	747	0.148000
5407	921	0.166000
5407	1120	0.148000
5407	1885	0.192000
5407	2771	0.172000
5407	4718	0.422000
5407	4970	0.424000
5407	6061	0.387000
5411	354	0.117000
5411	3395	0.063000
5411	5185	0.058000
5412	3189	0.191000
5413	4516	0.223000
5413	5277	0.221000
5420	905	0.097000
5420	962	0.085000
5420	1014	0.093000
5420	1376	0.069000
5420	1379	0.058000
5420	1427	0.075000
5420	1534	0.017000
5420	1656	0.051000
5420	1893	0.066000
5420	2745	0.063000
5420	3985	0.069000
5420	4552	0.077000
5420	5212	0.055000
5420	5308	0.053000
5439	1905	0.239000
5439	2568	0.221000
5439	5195	0.014000
5440	167	0.203000
5440	349	0.203000
5440	1068	0.231000
5440	1214	0.244000
5440	1620	0.206000
5440	1857	0.263000
5440	3925	0.353000
5440	4465	0.200000
5440	5196	0.014000
5441	2698	0.037000
5441	3937	0.034000
5445	841	0.051000
5445	3584	0.049000
5447	432	0.065000
5447	865	0.109000
5447	926	0.104000
5447	2320	0.048000
5447	3670	0.075000
5447	5201	0.040000
5447	5924	0.079000
5459	1746	0.395000
5459	2296	0.122000
5459	4366	0.052000
5461	465	0.274000
5461	2718	0.464000
5461	5790	0.309000
5461	5973	0.277000
5462	425	0.297000
5462	536	0.384000
5462	1525	0.381000
5470	2169	0.021000
5475	905	0.056000
5475	962	0.041000
5475	1534	0.053000
5475	1656	0.027000
5475	2743	0.020000
5475	3313	0.016000
5475	3318	0.013000
5475	3488	0.025000
5476	581	0.018000
5476	2583	0.018000
5476	3053	0.013000
5476	3319	0.013000
5483	688	0.118000
5483	2552	0.134000
5485	1941	0.009000
5489	705	0.093000
5489	5130	0.147000
5492	715	0.330000
5492	875	0.293000
5492	935	0.278000
5492	4365	0.273000
5492	4872	0.245000
5492	6027	0.360000
5492	6272	0.237000
5509	1731	0.499000
5509	2718	0.224000
5509	2937	0.498000
5509	4099	0.220000
5513	1217	0.087000
5513	5385	0.138000
5513	5908	0.181000
5529	1302	0.025000
5535	414	0.125000
5535	516	0.103000
5535	796	0.074000
5535	847	0.076000
5535	928	0.078000
5535	1219	0.107000
5535	1270	0.097000
5535	1882	0.107000
5535	2076	0.190000
5535	2090	0.102000
5535	2183	0.097000
5535	2714	0.087000
5535	2822	0.094000
5535	3127	0.072000
5535	3751	0.123000
5535	3787	0.050000
5535	3843	0.094000
5535	4193	0.118000
5535	4845	0.088000
5535	5000	0.081000
5535	5274	0.123000
5535	5697	0.068000
5550	5201	0.060000
5550	5924	0.060000
5552	1833	0.222000
5552	2858	0.252000
5552	3474	0.252000
5552	4110	0.236000
5552	5700	0.225000
5554	14	0.274000
5554	1610	0.237000
5560	184	0.096000
5560	285	0.089000
5560	1730	0.133000
5560	3084	0.087000
5560	4151	0.015000
5560	5682	0.015000
5564	5729	0.288000
5568	2045	0.279000
5568	2371	0.234000
5571	4871	0.161000
5578	1700	0.028000
5578	1922	0.044000
5578	2222	0.027000
5578	2435	0.043000
5578	3741	0.038000
5578	3783	0.041000
5578	4177	0.031000
5578	4978	0.048000
5583	437	0.031000
5583	1444	0.242000
5590	687	0.034000
5590	4986	0.020000
5597	4992	0.016000
5605	907	0.070000
5605	1144	0.242000
5605	3026	0.241000
5605	4872	0.387000
5605	5139	0.227000
5605	5641	0.309000
5605	5836	0.115000
5605	6272	0.380000
5606	345	0.056000
5606	772	0.051000
5606	1434	0.056000
5606	1719	0.085000
5606	2060	0.049000
5606	3648	0.050000
5606	3702	0.099000
5606	5223	0.082000
5606	5751	0.058000
5606	5968	0.100000
5606	6209	0.095000
5606	6369	0.064000
5608	2005	0.210000
5608	2261	0.204000
5608	5099	0.525000
5609	421	0.055000
5609	889	0.080000
5609	1405	0.022000
5609	2755	0.065000
5609	3423	0.061000
5617	2247	0.488000
5617	4857	0.283000
5622	779	0.321000
5622	1425	0.013000
5622	3199	0.193000
5622	3208	0.245000
5622	3391	0.257000
5622	3677	0.070000
5622	3973	0.096000
5625	2977	0.073000
5625	4923	0.045000
5630	2536	0.524000
5635	465	0.269000
5635	645	0.112000
5635	1833	0.230000
5635	5355	0.348000
5635	5973	0.267000
5635	6001	0.288000
5640	2800	0.206000
5640	4957	0.226000
5641	907	0.431000
5641	2858	0.271000
5641	3474	0.271000
5641	5021	0.391000
5641	5605	0.309000
5641	5700	0.054000
5641	6194	0.115000
5647	1776	0.211000
5647	2418	0.093000
5647	3099	0.078000
5647	6288	0.093000
5657	4181	0.017000
5658	2258	0.111000
5666	1070	0.274000
5670	4201	0.033000
5675	2222	0.074000
5675	4212	0.014000
5675	4466	0.176000
5675	5804	0.231000
5680	1288	0.058000
5680	4219	0.022000
5682	184	0.100000
5682	285	0.095000
5682	3084	0.092000
5682	4151	0.015000
5682	5560	0.015000
5689	4153	0.412000
5695	527	0.497000
5695	614	0.525000
5695	1729	0.469000
5695	3000	0.202000
5697	414	0.138000
5697	516	0.107000
5697	796	0.103000
5697	847	0.058000
5697	928	0.073000
5697	1040	0.061000
5697	1219	0.137000
5697	1270	0.087000
5697	1882	0.146000
5697	2076	0.158000
5697	2090	0.068000
5697	2183	0.098000
5697	2822	0.079000
5697	3238	0.056000
5697	3751	0.144000
5697	3787	0.056000
5697	3843	0.125000
5697	4193	0.114000
5697	4845	0.090000
5697	5000	0.055000
5697	5274	0.154000
5697	5535	0.068000
5697	6014	0.021000
5700	387	0.238000
5700	1833	0.262000
5700	2793	0.220000
5700	2858	0.405000
5700	3474	0.405000
5700	4110	0.269000
5700	5053	0.220000
5700	5552	0.225000
5700	5641	0.054000
5700	5804	0.258000
5700	6194	0.102000
5700	6266	0.238000
5703	1673	0.237000
5705	448	0.186000
5705	474	0.169000
5705	715	0.132000
5705	727	0.157000
5705	738	0.158000
5705	1298	0.201000
5705	1399	0.170000
5705	2931	0.240000
5705	3512	0.244000
5705	4035	0.216000
5705	4135	0.229000
5705	4663	0.146000
5705	4891	0.192000
5705	5211	0.218000
5705	5764	0.216000
5705	6048	0.202000
5705	6374	0.189000
5712	2675	0.069000
5719	6032	0.020000
5724	292	0.151000
5724	865	0.080000
5724	926	0.092000
5724	1515	0.127000
5724	1559	0.131000
5724	1966	0.170000
5724	2191	0.153000
5724	3670	0.084000
5724	4018	0.069000
5724	5331	0.153000
5724	6037	0.027000
5724	6101	0.121000
5727	2554	0.232000
5727	3499	0.212000
5727	6040	0.015000
5729	5564	0.288000
5733	1627	0.201000
5733	3634	0.211000
5733	4660	0.143000
5733	6085	0.260000
5735	5021	0.299000
5738	5073	0.448000
5749	65	0.210000
5749	376	0.050000
5749	4569	0.345000
5751	772	0.054000
5751	1434	0.053000
5751	1719	0.076000
5751	2060	0.043000
5751	2306	0.077000
5751	3648	0.049000
5751	3702	0.082000
5751	5223	0.087000
5751	5606	0.058000
5751	5968	0.099000
5751	6209	0.096000
5751	6369	0.052000
5754	1813	0.216000
5754	1831	0.280000
5754	2201	0.219000
5754	3399	0.136000
5754	4157	0.059000
5754	6317	0.205000
5761	448	0.079000
5761	727	0.095000
5761	1743	0.149000
5761	1789	0.258000
5761	2112	0.444000
5761	2931	0.222000
5761	3512	0.382000
5761	4035	0.184000
5761	4121	0.151000
5761	4135	0.193000
5761	5764	0.222000
5764	448	0.180000
5764	474	0.173000
5764	727	0.086000
5764	1298	0.183000
5764	1743	0.230000
5764	1789	0.190000
5764	2112	0.378000
5764	2931	0.223000
5764	4035	0.147000
5764	4121	0.357000
5764	4135	0.156000
5764	4663	0.126000
5764	4891	0.160000
5764	5211	0.196000
5764	5705	0.216000
5764	5761	0.222000
5764	6048	0.207000
5764	6374	0.122000
5775	3771	0.103000
5781	3334	0.477000
5787	4789	0.051000
5787	5061	0.206000
5790	238	0.225000
5790	5139	0.330000
5790	5461	0.309000
5790	6369	0.395000
5796	3229	0.041000
5796	3436	0.523000
5798	48	0.147000
5798	339	0.149000
5798	383	0.179000
5798	524	0.034000
5798	1993	0.082000
5798	2175	0.139000
5798	3010	0.089000
5798	3362	0.140000
5804	2858	0.230000
5804	3474	0.230000
5804	4110	0.042000
5804	5675	0.231000
5804	5700	0.258000
5810	1229	0.185000
5810	4799	0.028000
5810	6122	0.087000
5812	1683	0.124000
5812	4803	0.023000
5814	6075	0.379000
5818	1330	0.465000
5818	2680	0.464000
5827	4886	0.296000
5830	1685	0.214000
5830	4306	0.231000
5830	4926	0.226000
5830	6209	0.296000
5836	355	0.204000
5836	907	0.078000
5836	2201	0.201000
5836	2986	0.288000
5836	5605	0.115000
5836	6194	0.238000
5836	6369	0.306000
5844	69	0.019000
5845	608	0.079000
5845	1183	0.084000
5845	1650	0.058000
5845	2481	0.040000
5845	3767	0.058000
5845	3895	0.074000
5845	5160	0.060000
5845	5162	0.060000
5845	5335	0.074000
5845	6166	0.052000
5853	2498	0.357000
5859	1679	0.270000
5859	1776	0.426000
5859	2418	0.062000
5859	2545	0.066000
5859	3099	0.387000
5859	4872	0.038000
5859	5354	0.055000
5859	6288	0.269000
5866	2303	0.333000
5866	2441	0.217000
5866	3662	0.234000
5866	4254	0.330000
5866	5038	0.231000
5871	2686	0.041000
5871	4720	0.042000
5871	4721	0.040000
5871	5955	0.027000
5872	93	0.015000
5875	573	0.152000
5875	653	0.235000
5875	2515	0.131000
5875	3834	0.176000
5875	4522	0.049000
5875	4834	0.050000
5875	6393	0.183000
5885	2196	0.092000
5888	1573	0.021000
5888	4881	0.013000
5888	6179	0.013000
5890	2546	0.019000
5890	2827	0.020000
5890	4882	0.013000
5890	6180	0.013000
5908	1217	0.183000
5908	5385	0.108000
5908	5513	0.181000
5910	1902	0.054000
5916	2137	0.057000
5921	3045	0.071000
5924	432	0.033000
5924	865	0.092000
5924	872	0.044000
5924	926	0.092000
5924	1515	0.069000
5924	2320	0.050000
5924	2332	0.152000
5924	3663	0.066000
5924	4688	0.032000
5924	5201	0.056000
5924	5447	0.079000
5924	5550	0.060000
5924	6037	0.078000
5924	6107	0.113000
5929	2020	0.015000
5929	2179	0.066000
5934	2460	0.122000
5953	1121	0.054000
5953	1861	0.043000
5955	2686	0.071000
5955	4720	0.046000
5955	4721	0.046000
5955	5871	0.027000
5963	265	0.199000
5968	345	0.166000
5968	772	0.110000
5968	891	0.128000
5968	1434	0.098000
5968	1685	0.177000
5968	1719	0.063000
5968	2060	0.092000
5968	3648	0.087000
5968	3702	0.199000
5968	3868	0.144000
5968	4321	0.140000
5968	4636	0.183000
5968	5223	0.183000
5968	5606	0.100000
5968	5751	0.099000
5968	6209	0.187000
5968	6369	0.062000
5973	465	0.014000
5973	2088	0.374000
5973	2589	0.274000
5973	4157	0.247000
5973	4815	0.346000
5973	4886	0.342000
5973	5461	0.277000
5973	5635	0.267000
5973	6096	0.306000
5975	463	0.014000
5980	4365	0.223000
5980	5001	0.223000
5982	763	0.063000
5982	1012	0.054000
5982	3485	0.069000
5984	217	0.210000
5984	454	0.013000
5984	645	0.469000
5984	1784	0.210000
5984	2042	0.378000
5984	2365	0.249000
5984	6287	0.250000
5986	3695	0.214000
5989	4765	0.083000
5999	4158	0.232000
6001	35	0.084000
6001	220	0.087000
6001	442	0.018000
6001	997	0.088000
6001	1616	0.098000
6001	1785	0.086000
6001	2713	0.129000
6001	3128	0.094000
6001	3372	0.098000
6001	3858	0.083000
6001	4293	0.124000
6001	5101	0.087000
6001	5368	0.251000
6001	5635	0.288000
6004	2131	0.455000
6004	4167	0.215000
6008	1759	0.087000
6008	2196	0.136000
6008	2958	0.096000
6008	5166	0.147000
6014	414	0.185000
6014	516	0.163000
6014	796	0.159000
6014	847	0.061000
6014	928	0.085000
6014	1219	0.128000
6014	1882	0.144000
6014	2076	0.179000
6014	2090	0.067000
6014	2822	0.082000
6014	3238	0.059000
6014	3751	0.193000
6014	3843	0.172000
6014	4193	0.153000
6014	4845	0.093000
6014	5000	0.055000
6014	5274	0.202000
6014	5697	0.021000
6027	295	0.224000
6027	935	0.227000
6027	1030	0.221000
6027	1620	0.265000
6027	1833	0.283000
6027	5492	0.360000
6027	6288	0.247000
6028	23	0.238000
6028	25	0.232000
6032	5719	0.020000
6037	292	0.164000
6037	432	0.077000
6037	865	0.148000
6037	926	0.097000
6037	1515	0.165000
6037	1559	0.135000
6037	1966	0.161000
6037	2191	0.125000
6037	3263	0.174000
6037	3670	0.112000
6037	5331	0.154000
6037	5724	0.027000
6037	5924	0.078000
6037	6101	0.125000
6037	6107	0.125000
6040	2554	0.231000
6040	3499	0.209000
6040	5727	0.015000
6044	3484	0.234000
6044	3717	0.224000
6048	448	0.179000
6048	474	0.141000
6048	715	0.120000
6048	727	0.150000
6048	738	0.151000
6048	1298	0.195000
6048	1399	0.203000
6048	1789	0.175000
6048	2931	0.195000
6048	4035	0.139000
6048	4135	0.167000
6048	4663	0.168000
6048	4891	0.145000
6048	5211	0.157000
6048	5705	0.202000
6048	5764	0.207000
6048	6374	0.170000
6057	1612	0.328000
6057	2088	0.239000
6057	2554	0.331000
6057	2718	0.279000
6057	3026	0.320000
6057	3766	0.200000
6057	3925	0.329000
6057	4886	0.222000
6057	6096	0.208000
6061	747	0.440000
6061	921	0.466000
6061	1120	0.407000
6061	1885	0.357000
6061	2771	0.484000
6061	4718	0.195000
6061	4970	0.225000
6061	5407	0.387000
6068	2833	0.016000
6069	4	0.289000
6069	8	0.310000
6069	9	0.371000
6075	2057	0.207000
6075	4998	0.234000
6075	5814	0.379000
6085	1627	0.097000
6085	3376	0.095000
6085	5733	0.260000
6096	217	0.256000
6096	465	0.303000
6096	1618	0.217000
6096	1784	0.256000
6096	2088	0.014000
6096	2858	0.247000
6096	3474	0.247000
6096	5319	0.294000
6096	5973	0.306000
6096	6057	0.208000
6101	292	0.083000
6101	926	0.075000
6101	1515	0.085000
6101	1559	0.169000
6101	1966	0.073000
6101	2191	0.085000
6101	3263	0.022000
6101	3670	0.022000
6101	5331	0.102000
6101	5724	0.121000
6101	6037	0.125000
6105	2062	0.506000
6105	5354	0.202000
6107	292	0.110000
6107	432	0.094000
6107	865	0.107000
6107	1515	0.094000
6107	1559	0.131000
6107	1966	0.113000
6107	2191	0.096000
6107	4018	0.067000
6107	4688	0.126000
6107	5331	0.097000
6107	5924	0.113000
6107	6037	0.125000
6112	5372	0.343000
6112	6159	0.339000
6112	6307	0.261000
6118	2147	0.013000
6122	5810	0.087000
6125	6379	0.093000
6129	3686	0.525000
6131	976	0.322000
6131	4208	0.409000
6132	398	0.393000
6132	954	0.244000
6132	1613	0.028000
6132	1637	0.410000
6133	875	0.337000
6133	1216	0.046000
6135	415	0.269000
6135	2023	0.412000
6135	2301	0.238000
6135	4494	0.290000
6135	6272	0.302000
6137	711	0.310000
6137	2255	0.210000
6138	4739	0.013000
6159	5372	0.015000
6159	6112	0.339000
6159	6307	0.017000
6166	333	0.068000
6166	608	0.050000
6166	1069	0.054000
6166	1183	0.053000
6166	1545	0.057000
6166	1650	0.054000
6166	1939	0.067000
6166	2481	0.063000
6166	3767	0.067000
6166	3895	0.050000
6166	5160	0.057000
6166	5335	0.062000
6166	5845	0.052000
6167	1322	0.201000
6167	2568	0.305000
6167	3932	0.211000
6167	4668	0.217000
6171	3712	0.126000
6171	3833	0.096000
6171	4101	0.043000
6171	4858	0.050000
6174	3896	0.023000
6174	4880	0.011000
6175	1183	0.092000
6175	1939	0.051000
6175	2481	0.031000
6175	3767	0.035000
6175	3895	0.019000
6179	1573	0.021000
6179	4881	0.013000
6179	5888	0.013000
6180	2546	0.019000
6180	2827	0.020000
6180	4882	0.013000
6180	5890	0.013000
6184	660	0.040000
6184	5235	0.039000
6187	574	0.181000
6187	3996	0.181000
6188	2498	0.525000
6190	1741	0.044000
6194	2858	0.364000
6194	3474	0.364000
6194	4110	0.204000
6194	5641	0.115000
6194	5700	0.102000
6194	5836	0.238000
6201	167	0.212000
6201	349	0.212000
6201	1413	0.310000
6201	4088	0.207000
6204	163	0.087000
6204	479	0.085000
6204	1618	0.106000
6204	1833	0.278000
6204	2213	0.089000
6204	4191	0.079000
6209	345	0.117000
6209	772	0.099000
6209	1413	0.136000
6209	1434	0.097000
6209	1685	0.081000
6209	1719	0.118000
6209	2060	0.086000
6209	2306	0.119000
6209	3648	0.091000
6209	3702	0.174000
6209	4636	0.074000
6209	5223	0.167000
6209	5606	0.095000
6209	5751	0.096000
6209	5830	0.296000
6209	5968	0.187000
6209	6369	0.107000
6229	355	0.251000
6229	3421	0.015000
6229	3912	0.290000
6233	238	0.269000
6233	1905	0.123000
6233	5338	0.236000
6234	2690	0.182000
6240	156	0.051000
6240	432	0.043000
6240	2320	0.054000
6240	4018	0.060000
6240	4688	0.040000
6240	5201	0.076000
6252	2647	0.327000
6252	2762	0.158000
6252	3522	0.218000
6252	6376	0.193000
6253	3861	0.204000
6254	2206	0.101000
6254	4906	0.203000
6254	5224	0.103000
6255	4052	0.032000
6260	386	0.018000
6266	387	0.013000
6266	1196	0.053000
6266	3812	0.057000
6266	4872	0.354000
6266	5700	0.238000
6267	221	0.220000
6267	390	0.025000
6272	1114	0.229000
6272	1833	0.281000
6272	2023	0.206000
6272	3647	0.284000
6272	4872	0.225000
6272	5354	0.249000
6272	5492	0.237000
6272	5605	0.380000
6272	6135	0.302000
6274	504	0.245000
6274	1322	0.183000
6283	3925	0.224000
6287	454	0.250000
6287	2365	0.014000
6287	5984	0.250000
6288	238	0.216000
6288	1679	0.091000
6288	1776	0.116000
6288	2418	0.166000
6288	2545	0.094000
6288	3099	0.100000
6288	3979	0.322000
6288	5647	0.093000
6288	5859	0.269000
6288	6027	0.247000
6296	1216	0.200000
6296	2375	0.300000
6296	2906	0.142000
6296	3502	0.253000
6296	4365	0.225000
6296	5021	0.206000
6304	3753	0.206000
6307	5372	0.017000
6307	6112	0.261000
6307	6159	0.017000
6317	3399	0.279000
6317	4099	0.202000
6317	4157	0.278000
6317	5754	0.205000
6318	2400	0.014000
6327	2403	0.017000
6327	5032	0.045000
6335	2407	0.015000
6335	4499	0.197000
6363	3466	0.210000
6363	3812	0.340000
6369	772	0.061000
6369	1434	0.067000
6369	1685	0.105000
6369	1719	0.063000
6369	2060	0.071000
6369	3333	0.267000
6369	3648	0.090000
6369	3702	0.101000
6369	3868	0.050000
6369	4636	0.101000
6369	5223	0.082000
6369	5606	0.064000
6369	5751	0.052000
6369	5790	0.395000
6369	5836	0.306000
6369	5968	0.062000
6369	6209	0.107000
6374	448	0.149000
6374	474	0.139000
6374	715	0.133000
6374	727	0.200000
6374	738	0.146000
6374	1298	0.178000
6374	1399	0.215000
6374	1743	0.226000
6374	1789	0.119000
6374	2931	0.203000
6374	3512	0.221000
6374	3846	0.080000
6374	4035	0.161000
6374	4135	0.123000
6374	4663	0.140000
6374	4891	0.210000
6374	5211	0.183000
6374	5705	0.189000
6374	5764	0.122000
6374	6048	0.170000
6376	2647	0.441000
6376	2762	0.186000
6376	3522	0.509000
6376	6252	0.193000
6378	1042	0.325000
6378	2657	0.230000
6378	2906	0.257000
6378	4330	0.237000
6379	6125	0.093000
6383	4157	0.205000
6387	187	0.240000
6387	2671	0.153000
6387	4076	0.147000
6388	1938	0.155000
6393	573	0.137000
6393	4522	0.165000
6393	4635	0.186000
6393	4834	0.166000
6393	5875	0.183000
