4	17	0.003000
4	23	0.449000
4	25	0.761000
7	23	0.001000
8	23	0.099000
8	25	0.140000
9	23	0.177000
9	25	0.258000
14	5554	0.569000
15	5554	0.064000
16	5554	0.063000
17	4	0.003000
17	5554	0.094000
23	4	0.449000
23	7	0.001000
23	8	0.099000
23	9	0.177000
25	4	0.761000
25	8	0.140000
25	9	0.258000
34	996	0.588000
35	5331	0.001000
35	5493	0.004000
35	6151	0.001000
36	4862	0.158000
41	2289	0.013000
41	2438	0.023000
41	2546	0.004000
41	4763	0.167000
41	5743	0.052000
44	159	0.010000
44	6075	0.282000
45	3437	0.590000
48	3082	0.015000
50	2109	0.156000
50	3363	0.018000
59	1343	0.001000
59	2109	0.001000
59	3022	0.015000
59	4346	0.002000
59	4967	0.006000
60	5666	0.319000
70	1826	0.251000
70	3578	0.001000
80	4736	0.001000
80	4850	0.001000
85	4781	0.002000
85	4860	0.002000
85	5094	0.001000
85	5402	0.003000
91	878	0.002000
91	3008	0.002000
91	3163	0.003000
92	878	0.001000
94	1099	0.011000
112	2247	0.285000
112	2475	0.711000
125	4116	0.357000
127	1099	0.013000
127	1835	0.025000
127	2040	0.013000
127	3329	0.005000
136	137	0.781000
136	4772	0.066000
137	136	0.781000
137	4772	0.052000
139	140	0.014000
139	271	0.108000
139	272	0.001000
139	1252	0.014000
139	4143	0.005000
139	4916	0.108000
139	4917	0.001000
140	139	0.014000
140	271	0.018000
140	1251	0.014000
140	4916	0.018000
151	423	0.187000
156	376	0.002000
156	5705	0.003000
159	44	0.010000
159	5359	0.009000
161	1944	0.192000
161	4642	0.230000
161	5228	0.200000
163	1294	0.004000
163	3218	0.259000
164	4512	0.343000
164	4826	0.325000
166	2394	0.176000
166	4686	0.350000
167	2207	0.339000
173	4054	0.062000
174	425	0.590000
174	1525	0.900000
178	6118	0.001000
198	3698	0.006000
200	5501	0.015000
206	3022	0.001000
206	4967	0.002000
207	737	0.002000
207	2500	0.002000
207	2545	0.011000
207	3947	0.002000
220	3670	0.002000
220	6101	0.001000
220	6151	0.001000
238	3334	0.351000
238	4782	0.162000
245	768	0.102000
259	260	0.008000
259	2881	0.008000
260	259	0.008000
260	2641	0.022000
260	2880	0.013000
260	4390	0.037000
260	6397	0.008000
264	2592	0.002000
268	495	0.001000
268	2074	0.001000
268	2269	0.024000
268	2296	0.008000
268	4048	0.004000
271	139	0.108000
271	140	0.018000
271	272	0.001000
271	1251	0.109000
271	1252	0.018000
271	4917	0.001000
271	5326	0.015000
272	139	0.001000
272	271	0.001000
272	1251	0.001000
272	3701	0.021000
272	4916	0.001000
273	3337	0.038000
273	3493	0.166000
278	5985	0.008000
284	2471	0.325000
292	4891	0.007000
292	6048	0.002000
293	1764	0.159000
293	5320	0.178000
298	5092	0.673000
301	1150	0.012000
301	1498	0.003000
301	5317	0.010000
305	4888	0.001000
305	5464	0.276000
309	500	0.006000
309	1737	0.379000
309	2296	0.001000
309	4701	0.004000
319	1467	0.214000
330	977	0.002000
335	2059	0.386000
338	5094	0.001000
347	3713	0.001000
349	2207	0.339000
356	1198	0.033000
356	4471	0.174000
356	4617	0.012000
371	2000	0.004000
376	156	0.002000
376	432	0.002000
376	554	0.001000
376	865	0.007000
376	872	0.003000
376	1410	0.005000
376	1515	0.002000
376	1556	0.002000
376	1966	0.008000
376	2170	0.002000
376	2320	0.001000
376	3670	0.004000
376	4018	0.002000
376	5024	0.002000
376	5326	0.001000
376	5331	0.004000
376	5550	0.001000
376	5924	0.003000
376	6037	0.001000
376	6101	0.005000
376	6107	0.008000
379	5207	0.165000
384	3091	0.006000
384	4781	0.006000
386	2482	0.126000
386	3146	0.125000
386	3218	0.098000
386	3335	0.123000
387	3493	0.831000
388	3064	0.024000
394	2191	0.001000
394	3698	0.001000
401	3022	0.008000
401	4967	0.008000
401	5691	0.007000
407	6109	0.530000
414	3307	0.001000
415	1622	0.150000
415	5944	0.359000
417	843	0.001000
417	2367	0.003000
417	3477	0.004000
417	3948	0.003000
417	4040	0.003000
418	2652	0.467000
421	624	0.007000
421	1553	0.007000
421	2008	0.020000
421	2266	0.022000
421	4873	0.002000
423	151	0.187000
425	174	0.590000
425	5383	0.001000
425	6248	0.793000
427	717	0.003000
427	3424	0.002000
431	2928	0.001000
431	3008	0.001000
432	376	0.002000
432	738	0.002000
432	770	0.003000
432	2523	0.016000
432	2918	0.002000
432	3695	0.004000
432	3698	0.009000
432	4626	0.004000
432	4663	0.035000
432	4695	0.004000
432	5515	0.003000
432	5705	0.003000
432	5749	0.001000
443	2603	0.279000
448	865	0.004000
448	1298	0.047000
448	1789	0.002000
448	2112	0.004000
448	3512	0.005000
448	3870	0.003000
448	4121	0.013000
448	5201	0.004000
448	5705	0.005000
448	5764	0.002000
449	2712	0.009000
455	4587	0.007000
470	5142	0.003000
471	4276	0.003000
474	4121	0.002000
479	1294	0.006000
490	3797	0.061000
495	268	0.001000
498	1865	0.898000
498	2483	0.236000
498	4959	0.015000
500	309	0.006000
500	816	0.240000
500	1605	0.049000
500	5094	0.004000
511	4054	0.275000
513	3434	0.174000
516	5147	0.001000
524	2741	0.001000
527	1770	0.562000
536	1525	0.756000
536	5462	0.616000
543	6259	0.326000
545	1332	0.173000
545	6214	0.217000
554	376	0.001000
554	1493	0.001000
554	1571	0.003000
554	1607	0.021000
554	3367	0.088000
554	4148	0.001000
554	4891	0.003000
561	5083	0.015000
596	1421	0.002000
613	4850	0.001000
613	5691	0.001000
614	3000	0.706000
614	5695	0.704000
617	1713	0.900000
618	5266	0.379000
619	5985	0.140000
624	421	0.007000
624	889	0.003000
624	2755	0.004000
624	3423	0.003000
624	5609	0.008000
627	737	0.008000
657	5630	0.043000
663	1607	0.002000
664	6344	0.001000
665	4585	0.072000
667	1072	0.899000
682	5105	0.157000
692	3585	0.002000
696	3047	0.009000
702	4323	0.001000
711	6137	0.019000
713	2672	0.630000
716	6006	0.279000
717	427	0.003000
727	6107	0.019000
729	1275	0.129000
729	5133	0.057000
737	207	0.002000
737	627	0.008000
737	1387	0.155000
737	1492	0.015000
737	1555	0.007000
737	2757	0.129000
737	3565	0.006000
737	4427	0.015000
737	5953	0.038000
738	432	0.002000
738	4018	0.001000
738	6101	0.001000
741	2442	0.001000
741	4998	0.047000
741	5290	0.447000
743	2419	0.013000
743	6344	0.033000
745	6378	0.324000
746	2918	0.004000
747	1729	0.409000
747	1979	0.007000
749	2677	0.001000
755	756	0.289000
755	757	0.079000
756	755	0.289000
756	757	0.055000
757	755	0.079000
757	756	0.055000
766	1198	0.006000
766	4471	0.028000
766	4617	0.005000
768	245	0.102000
768	3449	0.001000
770	432	0.003000
770	2191	0.003000
770	2918	0.002000
770	3698	0.018000
770	4735	0.004000
772	2523	0.001000
772	4181	0.007000
772	5657	0.007000
775	5985	0.003000
782	5901	0.447000
784	4116	0.242000
786	1759	0.010000
786	2762	0.002000
786	2958	0.010000
786	5166	0.027000
797	5719	0.248000
797	6032	0.253000
801	802	0.011000
802	801	0.011000
802	4877	0.001000
802	5473	0.051000
805	5443	0.215000
808	4731	0.387000
811	5024	0.004000
816	500	0.240000
816	5812	0.166000
816	6072	0.239000
828	3713	0.001000
829	863	0.010000
829	1572	0.007000
843	417	0.001000
843	4629	0.001000
843	4860	0.001000
843	5402	0.001000
844	3502	0.001000
846	3017	0.224000
846	4957	0.164000
847	5181	0.001000
850	2024	0.343000
863	829	0.010000
863	1046	0.018000
863	4967	0.185000
863	5709	0.016000
864	5827	0.512000
865	376	0.007000
865	448	0.004000
865	1493	0.002000
865	1607	0.016000
865	2118	0.002000
865	5689	0.004000
868	2554	0.134000
872	376	0.003000
872	1607	0.001000
872	5764	0.001000
878	91	0.002000
878	92	0.001000
878	1737	0.001000
878	3552	0.006000
878	5094	0.011000
882	2419	0.007000
889	624	0.003000
889	1553	0.003000
889	2008	0.009000
889	2266	0.010000
891	4466	0.001000
891	5657	0.021000
891	6361	0.001000
893	1966	0.001000
893	5331	0.001000
895	3502	0.001000
902	5277	0.150000
903	2034	0.369000
909	3798	0.483000
928	5147	0.003000
933	4686	0.011000
934	2923	0.012000
934	5263	0.487000
934	6258	0.050000
937	3163	0.592000
943	2461	0.354000
943	6123	0.531000
946	6006	0.175000
954	5018	0.179000
959	2034	0.369000
960	1468	0.010000
960	4425	0.001000
968	1827	0.584000
969	4510	0.168000
973	1070	0.587000
973	3797	0.574000
977	330	0.002000
996	34	0.588000
997	6151	0.001000
998	5767	0.002000
1004	1731	0.329000
1004	2937	0.327000
1004	5123	0.196000
1019	1218	0.018000
1019	1334	0.021000
1019	2401	0.005000
1019	6025	0.640000
1025	2038	0.863000
1025	3714	0.871000
1027	2471	0.269000
1037	5464	0.183000
1038	4742	0.105000
1039	2779	0.084000
1039	3129	0.172000
1040	3307	0.002000
1040	5147	0.005000
1040	5753	0.009000
1042	5110	0.002000
1046	863	0.018000
1064	1299	0.576000
1064	5532	0.173000
1066	2735	0.023000
1068	2181	0.008000
1070	973	0.587000
1072	667	0.899000
1072	2482	0.041000
1072	3146	0.040000
1072	3335	0.040000
1077	3258	0.014000
1080	3163	0.164000
1081	3713	0.001000
1082	1216	0.102000
1082	6133	0.251000
1083	3833	0.001000
1099	94	0.011000
1099	127	0.013000
1099	2866	0.011000
1114	4858	0.001000
1115	1962	0.008000
1115	3713	0.001000
1120	1979	0.103000
1133	3332	0.486000
1133	4781	0.004000
1150	301	0.012000
1150	2340	0.003000
1150	5084	0.006000
1168	5782	0.005000
1168	5798	0.003000
1171	1902	0.089000
1171	2483	0.029000
1171	3009	0.069000
1171	5910	0.041000
1171	5985	0.014000
1178	1556	0.311000
1178	2947	0.006000
1178	3060	0.006000
1178	4377	0.003000
1178	4476	0.002000
1178	5024	0.401000
1196	3493	0.301000
1198	356	0.033000
1198	766	0.006000
1198	4471	0.100000
1198	4617	0.012000
1198	6238	0.036000
1211	3590	0.085000
1211	4625	0.114000
1216	1082	0.102000
1218	1019	0.018000
1218	2184	0.002000
1218	2947	0.001000
1218	3134	0.005000
1219	5147	0.001000
1221	2568	0.265000
1232	2855	0.103000
1251	140	0.014000
1251	271	0.109000
1251	272	0.001000
1251	1252	0.014000
1251	4143	0.005000
1251	4916	0.109000
1251	4917	0.001000
1251	6023	0.001000
1252	139	0.014000
1252	271	0.018000
1252	1251	0.014000
1252	4916	0.018000
1253	1493	0.014000
1259	1737	0.005000
1263	1738	0.036000
1263	2691	0.040000
1263	2692	0.052000
1263	2938	0.023000
1263	3529	0.132000
1275	729	0.129000
1275	2540	0.217000
1275	2548	0.534000
1275	2816	0.283000
1275	2837	0.515000
1275	5269	0.123000
1275	5584	0.668000
1294	163	0.004000
1294	479	0.006000
1294	1618	0.004000
1294	2213	0.047000
1294	4191	0.010000
1294	6204	0.008000
1296	1299	0.199000
1296	3782	0.168000
1297	4789	0.328000
1298	448	0.047000
1298	1399	0.002000
1298	1789	0.002000
1298	2103	0.084000
1298	2535	0.213000
1298	2815	0.289000
1298	2886	0.201000
1298	3512	0.003000
1298	5550	0.003000
1298	5764	0.002000
1299	1064	0.576000
1299	1296	0.199000
1299	2475	0.001000
1302	1737	0.001000
1314	4639	0.241000
1317	1627	0.136000
1317	3376	0.040000
1317	6085	0.325000
1327	1617	0.001000
1327	3698	0.617000
1330	5818	0.233000
1332	545	0.173000
1332	5623	0.192000
1334	1019	0.021000
1334	1556	0.161000
1334	2947	0.004000
1334	4476	0.001000
1334	5024	0.208000
1335	1366	0.355000
1335	3223	0.267000
1335	4273	0.189000
1343	59	0.001000
1343	1976	0.011000
1343	2523	0.164000
1343	2662	0.011000
1343	5821	0.001000
1366	1335	0.355000
1387	737	0.155000
1387	1861	0.002000
1387	2500	0.270000
1387	3947	0.258000
1388	2038	0.063000
1388	3714	0.898000
1388	4772	0.001000
1388	5268	0.018000
1388	5796	0.002000
1399	1298	0.002000
1399	3263	0.002000
1399	3698	0.003000
1399	4121	0.001000
1400	5246	0.326000
1405	4873	0.007000
1410	376	0.005000
1413	2306	0.001000
1413	6369	0.001000
1421	596	0.002000
1434	2523	0.001000
1434	4181	0.010000
1434	5657	0.010000
1434	6054	0.031000
1438	2987	0.002000
1442	2690	0.148000
1448	2247	0.598000
1448	3931	0.510000
1448	4667	0.570000
1455	5381	0.155000
1459	1979	0.160000
1467	319	0.214000
1468	960	0.010000
1471	2057	0.001000
1476	2208	0.299000
1486	4325	0.272000
1486	4329	0.017000
1486	4482	0.001000
1487	1921	0.001000
1487	2037	0.007000
1487	3240	0.110000
1492	737	0.015000
1492	2500	0.018000
1492	3947	0.015000
1492	4494	0.004000
1493	554	0.001000
1493	865	0.002000
1493	1253	0.014000
1493	1673	0.046000
1493	1856	0.013000
1493	1966	0.003000
1493	2170	0.001000
1493	5331	0.002000
1493	5709	0.340000
1493	5848	0.001000
1498	301	0.003000
1498	5084	0.001000
1515	376	0.002000
1515	1607	0.032000
1515	2918	0.003000
1515	3695	0.003000
1515	4058	0.001000
1515	4512	0.009000
1515	4663	0.003000
1517	2625	0.006000
1525	174	0.900000
1525	536	0.756000
1525	5462	0.740000
1528	2918	0.001000
1530	4198	0.490000
1544	1607	0.001000
1550	1902	0.069000
1550	5985	0.482000
1553	421	0.007000
1553	889	0.003000
1553	2755	0.004000
1553	3423	0.003000
1553	5609	0.008000
1555	737	0.007000
1556	376	0.002000
1556	1178	0.311000
1556	1334	0.161000
1556	2706	0.217000
1556	3341	0.144000
1556	3359	0.006000
1556	3695	0.001000
1556	4129	0.041000
1556	4480	0.246000
1556	5749	0.001000
1559	3631	0.001000
1559	4656	0.002000
1559	4695	0.001000
1571	554	0.003000
1572	829	0.007000
1578	1579	0.059000
1579	1578	0.059000
1591	1627	0.003000
1591	3376	0.001000
1591	6085	0.001000
1605	500	0.049000
1605	5094	0.003000
1607	554	0.021000
1607	663	0.002000
1607	865	0.016000
1607	872	0.001000
1607	1515	0.032000
1607	1544	0.001000
1607	1966	0.015000
1607	2191	0.002000
1607	3670	0.007000
1607	4018	0.001000
1607	4512	0.722000
1607	4651	0.001000
1607	4826	0.386000
1607	5331	0.017000
1607	5724	0.002000
1607	5924	0.002000
1607	6037	0.001000
1607	6101	0.009000
1616	6151	0.002000
1617	1327	0.001000
1618	1294	0.004000
1622	415	0.150000
1624	3351	0.610000
1627	1317	0.136000
1627	1591	0.003000
1627	2694	0.058000
1633	2002	0.112000
1633	2833	0.208000
1633	2928	0.025000
1633	3653	0.001000
1633	4532	0.014000
1633	4999	0.089000
1633	6068	0.200000
1644	5083	0.331000
1648	3787	0.001000
1648	4168	0.001000
1653	3098	0.364000
1657	2484	0.001000
1666	4390	0.001000
1673	1493	0.046000
1677	2977	0.200000
1677	4923	0.155000
1682	2134	0.004000
1695	2992	0.632000
1696	2127	0.003000
1705	5580	0.169000
1709	1710	0.172000
1710	1709	0.172000
1713	617	0.900000
1718	2030	0.204000
1725	3468	0.899000
1725	3689	0.090000
1725	5169	0.006000
1729	747	0.409000
1729	6218	0.162000
1731	1004	0.329000
1737	309	0.379000
1737	878	0.001000
1737	1259	0.005000
1737	1302	0.001000
1737	3092	0.001000
1737	3686	0.062000
1737	4441	0.003000
1737	4853	0.002000
1737	5094	0.002000
1737	5529	0.001000
1738	1263	0.036000
1741	3087	0.276000
1741	5005	0.290000
1743	1789	0.004000
1743	2112	0.001000
1743	3512	0.002000
1743	4688	0.001000
1743	4695	0.007000
1743	5761	0.001000
1743	5764	0.005000
1743	6374	0.042000
1750	2269	0.131000
1750	2296	0.009000
1751	5690	0.287000
1756	2022	0.444000
1759	786	0.010000
1759	2499	0.125000
1759	3655	0.077000
1764	293	0.159000
1764	2779	0.002000
1764	5320	0.158000
1769	3698	0.004000
1770	527	0.562000
1770	3714	0.687000
1785	3263	0.002000
1785	5493	0.004000
1785	6101	0.001000
1785	6151	0.001000
1789	448	0.002000
1789	1298	0.002000
1789	1743	0.004000
1789	4121	0.001000
1789	6048	0.001000
1802	4304	0.009000
1826	70	0.251000
1826	6151	0.671000
1827	968	0.584000
1833	2060	0.007000
1833	3648	0.023000
1833	5606	0.006000
1835	127	0.025000
1835	2866	0.022000
1835	3831	0.001000
1839	5341	0.380000
1849	4712	0.013000
1849	5119	0.266000
1850	2741	0.002000
1855	6216	0.001000
1856	1493	0.013000
1861	1387	0.002000
1861	2757	0.001000
1865	498	0.898000
1881	2856	0.209000
1887	5705	0.001000
1902	1171	0.089000
1902	1550	0.069000
1902	2483	0.040000
1902	3816	0.014000
1902	4959	0.214000
1902	6068	0.007000
1911	3149	0.599000
1913	2460	0.268000
1919	5490	0.455000
1921	1487	0.001000
1921	2779	0.003000
1922	4121	0.001000
1922	4695	0.001000
1923	5553	0.001000
1928	3169	0.480000
1934	3464	0.173000
1935	2869	0.047000
1940	1941	0.164000
1940	2579	0.002000
1940	5485	0.074000
1941	1940	0.164000
1944	161	0.192000
1950	2641	0.017000
1950	4390	0.027000
1950	6397	0.006000
1951	4015	0.202000
1954	2401	0.013000
1954	4960	0.485000
1961	5580	0.080000
1962	1115	0.008000
1966	376	0.008000
1966	893	0.001000
1966	1493	0.003000
1966	1607	0.015000
1966	2139	0.001000
1966	2918	0.005000
1966	3367	0.002000
1966	3695	0.009000
1966	5009	0.001000
1966	5749	0.005000
1967	6356	0.001000
1971	5323	0.191000
1976	1343	0.011000
1976	2419	0.029000
1976	6344	0.016000
1979	747	0.007000
1979	1120	0.103000
1979	1459	0.160000
1996	5780	0.001000
1999	5083	0.034000
2000	371	0.004000
2000	5589	0.003000
2002	1633	0.112000
2002	3138	0.373000
2002	3651	0.382000
2008	421	0.020000
2008	889	0.009000
2008	2755	0.013000
2008	3423	0.009000
2008	5609	0.025000
2010	2289	0.003000
2010	2438	0.007000
2010	2546	0.006000
2010	5743	0.472000
2016	4121	0.001000
2022	1756	0.444000
2023	4193	0.011000
2024	850	0.343000
2030	1718	0.204000
2034	903	0.369000
2034	959	0.369000
2034	2135	0.656000
2037	1487	0.007000
2038	1025	0.863000
2038	1388	0.063000
2038	3714	0.010000
2040	127	0.013000
2040	2866	0.033000
2051	4781	0.001000
2057	1471	0.001000
2057	2439	0.001000
2057	2442	0.001000
2057	3056	0.004000
2057	5814	0.006000
2059	335	0.386000
2060	1833	0.007000
2060	2523	0.001000
2060	6054	0.031000
2062	4401	0.047000
2070	3429	0.013000
2070	3713	0.001000
2074	268	0.001000
2075	4998	0.249000
2080	5254	0.236000
2090	3307	0.001000
2090	5147	0.008000
2090	6371	0.007000
2098	4350	0.002000
2098	5386	0.001000
2103	1298	0.084000
2107	2249	0.670000
2109	50	0.156000
2109	59	0.001000
2109	3363	0.028000
2111	3670	0.001000
2112	448	0.004000
2112	1743	0.001000
2112	4663	0.006000
2117	2460	0.819000
2117	2475	0.297000
2117	2556	0.842000
2118	865	0.002000
2127	1696	0.003000
2127	2220	0.004000
2132	2953	0.003000
2134	1682	0.004000
2135	2034	0.656000
2137	3896	0.005000
2139	1966	0.001000
2148	5510	0.281000
2155	4849	0.183000
2169	4781	0.001000
2170	376	0.002000
2170	1493	0.001000
2170	3695	0.005000
2170	6042	0.001000
2179	3191	0.001000
2181	1068	0.008000
2183	3307	0.003000
2183	5147	0.005000
2184	1218	0.002000
2191	394	0.001000
2191	770	0.003000
2191	1607	0.002000
2195	2289	0.002000
2195	2438	0.004000
2195	4763	0.286000
2195	5743	0.002000
2207	167	0.339000
2207	349	0.339000
2208	1476	0.299000
2213	1294	0.047000
2213	5521	0.006000
2220	2127	0.004000
2228	4168	0.001000
2232	4365	0.479000
2232	4763	0.382000
2244	5061	0.211000
2247	112	0.285000
2247	1448	0.598000
2247	2341	0.025000
2247	5617	0.264000
2249	2107	0.670000
2258	2666	0.615000
2258	2906	0.016000
2258	6296	0.525000
2266	421	0.022000
2266	889	0.010000
2266	2755	0.015000
2266	5609	0.027000
2269	268	0.024000
2269	1750	0.131000
2269	2686	0.001000
2269	4720	0.185000
2269	4721	0.102000
2269	5871	0.108000
2269	5955	0.040000
2289	41	0.013000
2289	2010	0.003000
2289	2195	0.002000
2289	2763	0.003000
2289	4222	0.002000
2296	268	0.008000
2296	309	0.001000
2296	1750	0.009000
2296	3185	0.001000
2296	4720	0.005000
2296	4721	0.005000
2296	5871	0.009000
2296	5955	0.012000
2296	6006	0.001000
2306	1413	0.001000
2307	3101	0.384000
2310	4158	0.493000
2311	2426	0.001000
2311	6354	0.001000
2316	4201	0.162000
2316	5670	0.157000
2320	376	0.001000
2320	3128	0.003000
2320	3695	0.002000
2320	4663	0.014000
2320	5217	0.001000
2320	5705	0.002000
2323	2548	0.020000
2323	2837	0.016000
2332	4663	0.010000
2332	4891	0.011000
2340	1150	0.003000
2340	5317	0.004000
2341	2247	0.025000
2354	5461	0.476000
2356	3424	0.336000
2360	3512	0.084000
2367	417	0.003000
2367	4629	0.003000
2367	4860	0.003000
2367	5402	0.003000
2372	3022	0.001000
2374	3809	0.384000
2374	6018	0.232000
2394	166	0.176000
2394	2575	0.177000
2401	1019	0.005000
2401	1954	0.013000
2401	5535	0.001000
2419	743	0.013000
2419	882	0.007000
2419	1976	0.029000
2419	3631	0.004000
2419	4230	0.001000
2419	4656	0.004000
2426	2311	0.001000
2426	4263	0.001000
2426	4864	0.001000
2435	5446	0.001000
2438	41	0.023000
2438	2010	0.007000
2438	2195	0.004000
2438	2763	0.005000
2438	4222	0.004000
2438	5139	0.003000
2439	2057	0.001000
2442	741	0.001000
2442	2057	0.001000
2442	3060	0.004000
2442	3820	0.002000
2442	5147	0.023000
2460	1913	0.268000
2460	2117	0.819000
2460	2475	0.615000
2461	943	0.354000
2471	284	0.325000
2471	1027	0.269000
2475	112	0.711000
2475	1299	0.001000
2475	2117	0.297000
2475	2460	0.615000
2475	2556	0.001000
2482	386	0.126000
2482	1072	0.041000
2482	6260	0.140000
2483	498	0.236000
2483	1171	0.029000
2483	1902	0.040000
2483	5910	0.009000
2483	5985	0.007000
2484	1657	0.001000
2484	5309	0.001000
2485	3396	0.391000
2485	5271	0.037000
2498	6188	0.491000
2498	6234	0.454000
2499	1759	0.125000
2499	2958	0.126000
2499	5166	0.005000
2499	5885	0.006000
2500	207	0.002000
2500	1387	0.270000
2500	1492	0.018000
2500	2523	0.002000
2500	2757	0.228000
2500	3565	0.007000
2500	4427	0.018000
2500	5780	0.003000
2500	5953	0.028000
2501	2697	0.045000
2506	4796	0.504000
2507	3549	0.553000
2523	432	0.016000
2523	772	0.001000
2523	1343	0.164000
2523	1434	0.001000
2523	2060	0.001000
2523	2500	0.002000
2523	5606	0.001000
2523	5751	0.001000
2523	5924	0.011000
2535	1298	0.213000
2536	5630	0.754000
2540	1275	0.217000
2540	5133	0.191000
2544	2565	0.002000
2544	6216	0.003000
2545	207	0.011000
2546	41	0.004000
2546	2010	0.006000
2546	4222	0.003000
2546	4976	0.161000
2548	1275	0.534000
2548	2323	0.020000
2548	4276	0.029000
2554	868	0.134000
2554	3766	0.896000
2554	5492	0.480000
2556	2117	0.842000
2556	2475	0.001000
2558	5148	0.001000
2565	2544	0.002000
2568	1221	0.265000
2568	6120	0.274000
2571	4824	0.107000
2575	2394	0.177000
2577	5294	0.627000
2579	1940	0.002000
2590	6344	0.030000
2592	264	0.002000
2602	3629	0.035000
2602	4652	0.038000
2603	443	0.279000
2624	4998	0.007000
2624	5067	0.007000
2625	1517	0.006000
2625	2803	0.003000
2641	260	0.022000
2641	1950	0.017000
2641	4395	0.001000
2652	418	0.467000
2652	2690	0.036000
2657	5110	0.004000
2659	5697	0.001000
2662	1343	0.011000
2664	4736	0.258000
2664	6130	0.273000
2666	2258	0.615000
2666	5348	0.001000
2666	5658	0.059000
2667	3289	0.069000
2667	4291	0.069000
2672	713	0.630000
2676	4014	0.003000
2677	749	0.001000
2677	4663	0.002000
2680	5818	0.214000
2684	4048	0.007000
2686	2269	0.001000
2690	1442	0.148000
2690	2652	0.036000
2690	4557	0.165000
2691	1263	0.040000
2692	1263	0.052000
2694	1627	0.058000
2694	3376	0.012000
2694	5381	0.007000
2694	6085	0.154000
2697	2501	0.045000
2706	1556	0.217000
2706	4377	0.001000
2706	4476	0.001000
2706	5024	0.278000
2707	5268	0.175000
2712	449	0.009000
2714	3307	0.002000
2714	5147	0.005000
2735	1066	0.023000
2735	4735	0.035000
2735	6128	0.006000
2741	524	0.001000
2741	1850	0.002000
2741	3267	0.001000
2741	5798	0.001000
2755	624	0.004000
2755	1553	0.004000
2755	2008	0.013000
2755	2266	0.015000
2755	4873	0.003000
2757	737	0.129000
2757	1861	0.001000
2757	2500	0.228000
2757	3947	0.215000
2762	786	0.002000
2762	3655	0.013000
2762	5119	0.225000
2762	5373	0.004000
2762	5777	0.595000
2763	2289	0.003000
2763	2438	0.005000
2763	5743	0.022000
2779	1039	0.084000
2779	1764	0.002000
2779	1921	0.003000
2803	2625	0.003000
2815	1298	0.289000
2816	1275	0.283000
2816	5133	0.145000
2821	3519	0.001000
2822	3307	0.005000
2822	5181	0.001000
2827	4222	0.003000
2827	4976	0.160000
2833	1633	0.208000
2833	3378	0.140000
2837	1275	0.515000
2837	2323	0.016000
2837	4276	0.023000
2847	3509	0.680000
2855	1232	0.103000
2856	1881	0.209000
2860	2918	0.003000
2863	4040	0.001000
2863	5402	0.005000
2866	1099	0.011000
2866	1835	0.022000
2866	2040	0.033000
2866	2879	0.001000
2866	3329	0.002000
2869	1935	0.047000
2878	4772	0.062000
2879	2866	0.001000
2880	260	0.013000
2880	2881	0.013000
2881	259	0.008000
2881	2880	0.013000
2886	1298	0.201000
2906	2258	0.016000
2918	432	0.002000
2918	746	0.004000
2918	770	0.002000
2918	1515	0.003000
2918	1528	0.001000
2918	1966	0.005000
2918	2860	0.003000
2918	3263	0.046000
2918	3670	0.050000
2918	4018	0.001000
2918	4542	0.001000
2918	4651	0.012000
2918	4688	0.001000
2918	5052	0.002000
2918	5331	0.010000
2918	5447	0.001000
2918	5550	0.001000
2918	5724	0.001000
2918	5848	0.002000
2918	5924	0.002000
2918	6037	0.002000
2918	6101	0.048000
2923	934	0.012000
2928	431	0.001000
2928	1633	0.025000
2928	4618	0.156000
2928	4999	0.065000
2931	4121	0.001000
2937	1004	0.327000
2938	1263	0.023000
2945	4889	0.003000
2947	1178	0.006000
2947	1218	0.001000
2947	1334	0.004000
2953	2132	0.003000
2953	5690	0.287000
2958	786	0.010000
2958	2499	0.126000
2958	3154	0.007000
2958	3655	0.077000
2958	3808	0.011000
2966	4083	0.155000
2977	1677	0.200000
2977	4731	0.240000
2987	1438	0.002000
2992	1695	0.632000
2994	5357	0.218000
2997	3698	0.003000
3000	614	0.706000
3008	91	0.002000
3008	431	0.001000
3008	5738	0.001000
3009	1171	0.069000
3009	4959	0.045000
3017	846	0.224000
3017	4692	0.224000
3017	5689	0.368000
3022	59	0.015000
3022	206	0.001000
3022	401	0.008000
3022	2372	0.001000
3022	3578	0.007000
3022	3631	0.012000
3022	4656	0.014000
3022	4972	0.001000
3022	5724	0.002000
3022	5821	0.016000
3022	6052	0.005000
3022	6330	0.258000
3032	4206	0.010000
3032	5672	0.010000
3047	696	0.009000
3049	3050	0.899000
3049	4273	0.001000
3050	3049	0.899000
3056	2057	0.004000
3056	3060	0.002000
3056	5814	0.001000
3060	1178	0.006000
3060	2442	0.004000
3060	3056	0.002000
3060	4998	0.002000
3060	5814	0.004000
3061	5319	0.336000
3064	388	0.024000
3064	6052	0.002000
3082	48	0.015000
3082	3327	0.053000
3083	3185	0.022000
3083	3436	0.013000
3083	3719	0.003000
3083	5796	0.010000
3085	3088	0.576000
3087	1741	0.276000
3087	6190	0.180000
3088	3085	0.576000
3090	5286	0.176000
3091	384	0.006000
3091	3552	0.010000
3092	1737	0.001000
3092	5060	0.003000
3098	1653	0.364000
3098	6389	0.355000
3101	2307	0.384000
3127	5147	0.001000
3128	2320	0.003000
3128	5331	0.001000
3128	5493	0.004000
3128	6151	0.001000
3129	1039	0.172000
3129	6028	0.302000
3134	1218	0.005000
3134	3155	0.006000
3138	2002	0.373000
3138	3875	0.001000
3138	6282	0.157000
3143	4229	0.001000
3143	4350	0.001000
3146	386	0.125000
3146	1072	0.040000
3146	6260	0.139000
3149	1911	0.599000
3154	2958	0.007000
3154	5210	0.004000
3155	3134	0.006000
3163	91	0.003000
3163	937	0.592000
3163	1080	0.164000
3163	3974	0.012000
3163	4629	0.007000
3163	4860	0.008000
3163	4878	0.001000
3163	5402	0.007000
3169	1928	0.480000
3175	5221	0.001000
3185	2296	0.001000
3185	3083	0.022000
3185	3436	0.005000
3185	4366	0.022000
3185	5459	0.037000
3185	5796	0.004000
3188	4779	0.336000
3191	2179	0.001000
3193	3299	0.254000
3193	4223	0.174000
3194	5658	0.181000
3199	5167	0.367000
3204	3205	0.571000
3205	3204	0.571000
3218	163	0.259000
3218	386	0.098000
3218	6260	0.129000
3223	1335	0.267000
3227	4663	0.001000
3229	5375	0.115000
3238	5147	0.006000
3238	5753	0.010000
3240	1487	0.110000
3254	3655	0.008000
3254	5775	0.010000
3258	1077	0.014000
3263	1399	0.002000
3263	1785	0.002000
3263	2918	0.046000
3263	3695	0.005000
3263	3858	0.002000
3263	4512	0.002000
3263	5705	0.004000
3267	2741	0.001000
3275	5025	0.001000
3289	2667	0.069000
3289	3659	0.069000
3299	3193	0.254000
3307	414	0.001000
3307	1040	0.002000
3307	2090	0.001000
3307	2183	0.003000
3307	2714	0.002000
3307	2822	0.005000
3307	3843	0.001000
3307	4193	0.262000
3307	4845	0.001000
3307	5000	0.001000
3307	5354	0.202000
3327	3082	0.053000
3329	127	0.005000
3329	2866	0.002000
3329	5496	0.003000
3332	1133	0.486000
3334	238	0.351000
3335	386	0.123000
3335	1072	0.040000
3335	6260	0.137000
3337	273	0.038000
3337	3493	0.850000
3337	4822	0.039000
3341	1556	0.144000
3341	5024	0.112000
3343	4646	0.727000
3351	1624	0.610000
3351	4550	0.529000
3351	4895	0.360000
3351	6304	0.244000
3359	1556	0.006000
3359	5024	0.009000
3363	50	0.018000
3363	2109	0.028000
3367	554	0.088000
3367	1966	0.002000
3367	5331	0.004000
3367	5730	0.186000
3367	6042	0.205000
3372	5493	0.003000
3372	6151	0.002000
3375	6028	0.153000
3376	1317	0.040000
3376	1591	0.001000
3376	2694	0.012000
3378	2833	0.140000
3378	4537	0.015000
3378	4999	0.086000
3378	6068	0.139000
3396	2485	0.391000
3423	624	0.003000
3423	1553	0.003000
3423	2008	0.009000
3423	4873	0.001000
3424	427	0.002000
3424	2356	0.336000
3429	2070	0.013000
3434	513	0.174000
3436	3083	0.013000
3436	3185	0.005000
3436	5375	0.663000
3436	5796	0.522000
3437	45	0.590000
3447	6035	0.007000
3449	768	0.001000
3464	1934	0.173000
3464	3561	0.010000
3464	5449	0.194000
3468	1725	0.899000
3468	5169	0.716000
3471	5633	0.346000
3471	6298	0.344000
3477	417	0.004000
3477	4040	0.001000
3477	4629	0.004000
3479	4015	0.014000
3480	4877	0.051000
3480	5473	0.047000
3488	4102	0.003000
3489	4873	0.017000
3493	273	0.166000
3493	387	0.831000
3493	1196	0.301000
3493	3337	0.850000
3493	3812	0.517000
3493	4822	0.166000
3493	6266	0.831000
3493	6363	0.777000
3502	844	0.001000
3502	895	0.001000
3509	2847	0.680000
3509	4565	0.305000
3512	448	0.005000
3512	1298	0.003000
3512	1743	0.002000
3512	2360	0.084000
3512	5211	0.001000
3512	5705	0.001000
3512	6374	0.003000
3515	4035	0.001000
3515	4323	0.217000
3519	2821	0.001000
3529	1263	0.132000
3531	3629	0.094000
3531	4652	0.104000
3536	5719	0.293000
3536	6032	0.274000
3539	4095	0.001000
3549	2507	0.553000
3552	878	0.006000
3552	3091	0.010000
3552	5094	0.009000
3561	3464	0.010000
3565	737	0.006000
3565	2500	0.007000
3565	3947	0.002000
3578	70	0.001000
3578	3022	0.007000
3578	3586	0.002000
3578	4967	0.003000
3581	3676	0.007000
3581	4350	0.001000
3581	5709	0.004000
3585	692	0.002000
3586	3578	0.002000
3587	5564	0.356000
3590	1211	0.085000
3590	4081	0.030000
3608	4048	0.003000
3628	4891	0.001000
3629	2602	0.035000
3629	3531	0.094000
3631	1559	0.001000
3631	2419	0.004000
3631	3022	0.012000
3631	4967	0.009000
3631	6344	0.016000
3648	1833	0.023000
3651	2002	0.382000
3651	3875	0.001000
3651	6282	0.158000
3653	1633	0.001000
3653	4618	0.064000
3653	4999	0.019000
3654	5092	0.899000
3655	1759	0.077000
3655	2762	0.013000
3655	2958	0.077000
3655	3254	0.008000
3655	5166	0.207000
3658	6028	0.003000
3659	3289	0.069000
3659	4291	0.068000
3670	220	0.002000
3670	376	0.004000
3670	1607	0.007000
3670	2111	0.001000
3670	2918	0.050000
3670	3695	0.005000
3670	5705	0.003000
3676	3581	0.007000
3676	4229	0.006000
3683	4736	0.001000
3686	1737	0.062000
3686	6129	0.774000
3689	1725	0.090000
3695	432	0.004000
3695	1515	0.003000
3695	1556	0.001000
3695	1966	0.009000
3695	2170	0.005000
3695	2320	0.002000
3695	3263	0.005000
3695	3670	0.005000
3695	4018	0.001000
3695	5024	0.001000
3695	5331	0.008000
3695	5550	0.002000
3695	5724	0.001000
3695	5924	0.006000
3695	6037	0.002000
3695	6101	0.007000
3695	6107	0.011000
3698	198	0.006000
3698	394	0.001000
3698	432	0.009000
3698	770	0.018000
3698	1327	0.617000
3698	1399	0.003000
3698	1769	0.004000
3698	2997	0.003000
3698	4177	0.250000
3698	4967	0.195000
3698	5675	0.046000
3701	272	0.021000
3701	4917	0.021000
3713	347	0.001000
3713	828	0.001000
3713	1081	0.001000
3713	1115	0.001000
3713	2070	0.001000
3713	4564	0.001000
3714	1025	0.871000
3714	1388	0.898000
3714	1770	0.687000
3714	2038	0.010000
3715	4160	0.029000
3715	5382	0.016000
3716	5775	0.250000
3719	3083	0.003000
3741	4663	0.002000
3766	2554	0.896000
3771	5564	0.610000
3771	5775	0.199000
3776	3964	0.541000
3782	1296	0.168000
3787	1648	0.001000
3787	4967	0.003000
3787	5147	0.006000
3787	5753	0.010000
3797	490	0.061000
3797	973	0.574000
3798	909	0.483000
3800	5564	0.134000
3808	2958	0.011000
3809	2374	0.384000
3812	3493	0.517000
3816	1902	0.014000
3816	5910	0.003000
3816	5985	0.011000
3820	2442	0.002000
3822	4206	0.010000
3822	5672	0.010000
3831	1835	0.001000
3833	1083	0.001000
3843	3307	0.001000
3843	5147	0.002000
3858	3263	0.002000
3858	5493	0.004000
3858	6151	0.001000
3861	5716	0.359000
3870	448	0.003000
3870	6048	0.003000
3870	6374	0.001000
3875	3138	0.001000
3875	3651	0.001000
3875	6362	0.293000
3886	3887	0.114000
3887	3886	0.114000
3896	2137	0.005000
3930	4048	0.005000
3931	1448	0.510000
3947	207	0.002000
3947	1387	0.258000
3947	1492	0.015000
3947	2757	0.215000
3947	3565	0.002000
3947	4427	0.016000
3947	5780	0.017000
3947	5953	0.028000
3948	417	0.003000
3948	4629	0.003000
3948	4860	0.004000
3948	5402	0.004000
3962	6259	0.381000
3964	3776	0.541000
3974	3163	0.012000
3974	5094	0.002000
3982	4959	0.330000
3992	6144	0.160000
4014	2676	0.003000
4015	1951	0.202000
4015	3479	0.014000
4015	5216	0.014000
4018	376	0.002000
4018	738	0.001000
4018	1607	0.001000
4018	2918	0.001000
4018	3695	0.001000
4018	4663	0.020000
4018	5217	0.001000
4018	5705	0.002000
4021	5814	0.013000
4035	3515	0.001000
4040	417	0.003000
4040	2863	0.001000
4040	3477	0.001000
4040	4629	0.003000
4040	4860	0.004000
4040	5402	0.004000
4048	268	0.004000
4048	2684	0.007000
4048	3608	0.003000
4048	3930	0.005000
4048	4720	0.009000
4048	4721	0.009000
4048	5871	0.005000
4048	5955	0.005000
4052	5286	0.302000
4054	173	0.062000
4054	511	0.275000
4058	1515	0.001000
4058	5025	0.001000
4061	4860	0.002000
4061	5402	0.003000
4080	4831	0.008000
4081	3590	0.030000
4081	4625	0.040000
4083	2966	0.155000
4095	3539	0.001000
4102	3488	0.003000
4116	125	0.357000
4116	784	0.242000
4121	448	0.013000
4121	474	0.002000
4121	1399	0.001000
4121	1789	0.001000
4121	1922	0.001000
4121	2016	0.001000
4121	2931	0.001000
4121	5201	0.002000
4121	5578	0.001000
4121	5924	0.009000
4121	6107	0.013000
4129	1556	0.041000
4129	5024	0.053000
4143	139	0.005000
4143	1251	0.005000
4143	6169	0.002000
4148	554	0.001000
4148	4542	0.001000
4148	5697	0.005000
4148	5787	0.112000
4153	5689	0.457000
4158	2310	0.493000
4160	3715	0.029000
4160	6288	0.223000
4168	1648	0.001000
4168	2228	0.001000
4173	6356	0.001000
4177	3698	0.250000
4177	4891	0.001000
4177	6374	0.001000
4181	772	0.007000
4181	1434	0.010000
4181	4321	0.049000
4191	1294	0.010000
4191	5521	0.001000
4193	2023	0.011000
4193	3307	0.262000
4193	4494	0.018000
4193	4872	0.014000
4193	5147	0.001000
4198	1530	0.490000
4201	2316	0.162000
4203	5732	0.035000
4203	5736	0.018000
4206	3032	0.010000
4206	3822	0.010000
4209	5322	0.296000
4212	5446	0.005000
4222	2289	0.002000
4222	2438	0.004000
4222	2546	0.003000
4222	2827	0.003000
4222	5743	0.009000
4223	3193	0.174000
4227	6125	0.002000
4227	6379	0.039000
4228	6125	0.003000
4228	6379	0.043000
4229	3143	0.001000
4229	3676	0.006000
4229	4464	0.003000
4229	4736	0.003000
4230	2419	0.001000
4263	2426	0.001000
4263	6354	0.001000
4273	1335	0.189000
4273	3049	0.001000
4276	471	0.003000
4276	2548	0.029000
4276	2837	0.023000
4283	4895	0.345000
4291	2667	0.069000
4291	3659	0.068000
4293	6151	0.002000
4294	4948	0.222000
4304	1802	0.009000
4321	4181	0.049000
4323	702	0.001000
4323	3515	0.217000
4325	1486	0.272000
4325	4423	0.270000
4329	1486	0.017000
4329	4423	0.017000
4329	5410	0.024000
4346	59	0.002000
4350	2098	0.002000
4350	3143	0.001000
4350	3581	0.001000
4350	4464	0.007000
4359	4772	0.062000
4365	2232	0.479000
4366	3185	0.022000
4366	6006	0.347000
4366	6220	0.004000
4377	1178	0.003000
4377	2706	0.001000
4377	4480	0.002000
4390	260	0.037000
4390	1666	0.001000
4390	1950	0.027000
4390	4395	0.003000
4395	2641	0.001000
4395	4390	0.003000
4398	4399	0.645000
4399	4398	0.645000
4401	2062	0.047000
4411	6072	0.386000
4423	4325	0.270000
4423	4329	0.017000
4423	4482	0.001000
4425	960	0.001000
4427	737	0.015000
4427	2500	0.018000
4427	3947	0.016000
4427	4494	0.005000
4435	4829	0.167000
4441	1737	0.003000
4457	4772	0.061000
4464	4229	0.003000
4464	4350	0.007000
4464	5709	0.008000
4466	891	0.001000
4471	356	0.174000
4471	766	0.028000
4471	1198	0.100000
4471	4617	0.035000
4471	6238	0.183000
4476	1178	0.002000
4476	1334	0.001000
4476	2706	0.001000
4476	4480	0.002000
4480	1556	0.246000
4480	4377	0.002000
4480	4476	0.002000
4480	5024	0.321000
4482	1486	0.001000
4482	4423	0.001000
4482	5410	0.098000
4489	4618	0.054000
4489	4999	0.052000
4494	1492	0.004000
4494	4193	0.018000
4494	4427	0.005000
4497	5381	0.167000
4510	969	0.168000
4512	164	0.343000
4512	1515	0.009000
4512	1607	0.722000
4512	3263	0.002000
4527	5777	0.004000
4532	1633	0.014000
4532	4618	0.041000
4532	4999	0.049000
4537	3378	0.015000
4538	4720	0.003000
4538	5871	0.005000
4538	5955	0.006000
4542	2918	0.001000
4542	4148	0.001000
4545	5177	0.476000
4550	3351	0.529000
4557	2690	0.165000
4564	3713	0.001000
4565	3509	0.305000
4585	665	0.072000
4585	5236	0.075000
4587	455	0.007000
4607	5411	0.346000
4617	356	0.012000
4617	766	0.005000
4617	1198	0.012000
4617	4471	0.035000
4617	6238	0.016000
4618	2928	0.156000
4618	3653	0.064000
4618	4489	0.054000
4618	4532	0.041000
4625	1211	0.114000
4625	4081	0.040000
4626	432	0.004000
4629	843	0.001000
4629	2367	0.003000
4629	3163	0.007000
4629	3477	0.004000
4629	3948	0.003000
4629	4040	0.003000
4630	4631	0.899000
4631	4630	0.899000
4639	1314	0.241000
4642	161	0.230000
4646	3343	0.727000
4651	1607	0.001000
4651	2918	0.012000
4651	4891	0.001000
4652	2602	0.038000
4652	3531	0.104000
4656	1559	0.002000
4656	2419	0.004000
4656	3022	0.014000
4656	4967	0.008000
4656	6344	0.017000
4660	5148	0.015000
4663	432	0.035000
4663	1515	0.003000
4663	2112	0.006000
4663	2320	0.014000
4663	2332	0.010000
4663	2677	0.002000
4663	3227	0.001000
4663	3741	0.002000
4663	4018	0.020000
4663	5724	0.008000
4663	5924	0.032000
4663	6107	0.049000
4667	1448	0.570000
4686	166	0.350000
4686	933	0.011000
4688	1743	0.001000
4688	2918	0.001000
4692	3017	0.224000
4692	4957	0.164000
4694	5777	0.007000
4695	432	0.004000
4695	1559	0.001000
4695	1743	0.007000
4695	1922	0.001000
4695	5705	0.002000
4695	5764	0.001000
4701	309	0.004000
4701	5300	0.021000
4712	1849	0.013000
4720	2269	0.185000
4720	2296	0.005000
4720	4048	0.009000
4720	4538	0.003000
4721	2269	0.102000
4721	2296	0.005000
4721	4048	0.009000
4731	808	0.387000
4731	2977	0.240000
4731	4923	0.176000
4731	5625	0.188000
4735	770	0.004000
4735	2735	0.035000
4736	80	0.001000
4736	2664	0.258000
4736	3683	0.001000
4736	4229	0.003000
4736	4967	0.044000
4736	5667	0.001000
4742	1038	0.105000
4752	6315	0.192000
4763	41	0.167000
4763	2195	0.286000
4763	2232	0.382000
4772	136	0.066000
4772	137	0.052000
4772	1388	0.001000
4772	2878	0.062000
4772	4359	0.062000
4772	4457	0.061000
4777	5729	0.110000
4779	3188	0.336000
4781	85	0.002000
4781	384	0.006000
4781	1133	0.004000
4781	2051	0.001000
4781	2169	0.001000
4781	5470	0.002000
4782	238	0.162000
4789	1297	0.328000
4792	5665	0.401000
4796	2506	0.504000
4822	3337	0.039000
4822	3493	0.166000
4824	2571	0.107000
4826	164	0.325000
4826	1607	0.386000
4826	6101	0.002000
4829	4435	0.167000
4831	4080	0.008000
4841	4976	0.710000
4845	3307	0.001000
4845	5147	0.003000
4849	2155	0.183000
4850	80	0.001000
4850	613	0.001000
4850	4967	0.160000
4850	5386	0.005000
4853	1737	0.002000
4853	4863	0.001000
4858	1114	0.001000
4860	85	0.002000
4860	843	0.001000
4860	2367	0.003000
4860	3163	0.008000
4860	3948	0.004000
4860	4040	0.004000
4860	4061	0.002000
4862	36	0.158000
4863	4853	0.001000
4864	2426	0.001000
4864	6354	0.001000
4872	4193	0.014000
4873	421	0.002000
4873	1405	0.007000
4873	2755	0.003000
4873	3423	0.001000
4873	3489	0.017000
4873	5609	0.006000
4877	802	0.001000
4877	3480	0.051000
4877	5473	0.068000
4878	3163	0.001000
4882	4976	0.139000
4888	305	0.001000
4889	2945	0.003000
4891	292	0.007000
4891	554	0.003000
4891	2332	0.011000
4891	3628	0.001000
4891	4177	0.001000
4891	4651	0.001000
4891	5924	0.037000
4895	3351	0.360000
4895	4283	0.345000
4907	5732	0.258000
4916	139	0.108000
4916	140	0.018000
4916	272	0.001000
4916	1251	0.109000
4916	1252	0.018000
4916	4917	0.001000
4916	5326	0.015000
4917	139	0.001000
4917	271	0.001000
4917	1251	0.001000
4917	3701	0.021000
4917	4916	0.001000
4922	6187	0.065000
4923	1677	0.155000
4923	4731	0.176000
4932	5766	0.541000
4948	4294	0.222000
4948	5509	0.005000
4957	846	0.164000
4957	4692	0.164000
4957	5689	0.318000
4959	498	0.015000
4959	1902	0.214000
4959	3009	0.045000
4959	3982	0.330000
4959	5910	0.131000
4959	5985	0.107000
4960	1954	0.485000
4967	59	0.006000
4967	206	0.002000
4967	401	0.008000
4967	863	0.185000
4967	3578	0.003000
4967	3631	0.009000
4967	3698	0.195000
4967	3787	0.003000
4967	4656	0.008000
4967	4736	0.044000
4967	4850	0.160000
4967	4972	0.001000
4967	5025	0.001000
4967	5691	0.120000
4967	5709	0.332000
4967	5821	0.007000
4967	6052	0.004000
4967	6330	0.098000
4972	3022	0.001000
4972	4967	0.001000
4976	2546	0.161000
4976	2827	0.160000
4976	4841	0.710000
4976	4882	0.139000
4976	5890	0.140000
4976	6180	0.140000
4998	741	0.047000
4998	2075	0.249000
4998	2624	0.007000
4998	3060	0.002000
4998	5067	0.001000
4998	5147	0.029000
4998	6110	0.162000
4999	1633	0.089000
4999	2928	0.065000
4999	3378	0.086000
4999	3653	0.019000
4999	4489	0.052000
4999	4532	0.049000
5000	3307	0.001000
5000	5147	0.014000
5000	6371	0.006000
5005	1741	0.290000
5005	6190	0.189000
5009	1966	0.001000
5018	954	0.179000
5024	376	0.002000
5024	811	0.004000
5024	1178	0.401000
5024	1334	0.208000
5024	2706	0.278000
5024	3341	0.112000
5024	3359	0.009000
5024	3695	0.001000
5024	4129	0.053000
5024	4480	0.321000
5025	3275	0.001000
5025	4058	0.001000
5025	4967	0.001000
5052	2918	0.002000
5060	3092	0.003000
5061	2244	0.211000
5061	5743	0.017000
5067	2624	0.007000
5067	4998	0.001000
5067	5937	0.002000
5083	561	0.015000
5083	1644	0.331000
5083	1999	0.034000
5084	1150	0.006000
5084	1498	0.001000
5084	5317	0.005000
5092	298	0.673000
5092	3654	0.899000
5094	85	0.001000
5094	338	0.001000
5094	500	0.004000
5094	878	0.011000
5094	1605	0.003000
5094	1737	0.002000
5094	3552	0.009000
5094	3974	0.002000
5094	5300	0.005000
5101	6151	0.001000
5104	5410	0.584000
5105	682	0.157000
5110	1042	0.002000
5110	2657	0.004000
5111	5487	0.320000
5119	1849	0.266000
5119	2762	0.225000
5123	1004	0.196000
5132	6234	0.001000
5133	729	0.057000
5133	2540	0.191000
5133	2816	0.145000
5133	5269	0.055000
5139	2438	0.003000
5142	470	0.003000
5147	516	0.001000
5147	928	0.003000
5147	1040	0.005000
5147	1219	0.001000
5147	2090	0.008000
5147	2183	0.005000
5147	2442	0.023000
5147	2714	0.005000
5147	3127	0.001000
5147	3238	0.006000
5147	3787	0.006000
5147	3843	0.002000
5147	4193	0.001000
5147	4845	0.003000
5147	4998	0.029000
5147	5000	0.014000
5147	5697	0.030000
5147	6014	0.029000
5148	2558	0.001000
5148	4660	0.015000
5148	5733	0.003000
5166	786	0.027000
5166	2499	0.005000
5166	3655	0.207000
5167	3199	0.367000
5169	1725	0.006000
5169	3468	0.716000
5177	4545	0.476000
5181	847	0.001000
5181	2822	0.001000
5188	5651	0.198000
5201	448	0.004000
5201	4121	0.002000
5207	379	0.165000
5210	3154	0.004000
5211	3512	0.001000
5211	5705	0.003000
5216	4015	0.014000
5217	2320	0.001000
5217	4018	0.001000
5217	5550	0.001000
5217	5924	0.003000
5221	3175	0.001000
5228	161	0.200000
5236	4585	0.075000
5237	6382	0.007000
5246	1400	0.326000
5254	2080	0.236000
5263	934	0.487000
5266	618	0.379000
5268	1388	0.018000
5268	2707	0.175000
5269	1275	0.123000
5269	5133	0.055000
5271	2485	0.037000
5277	902	0.150000
5277	5953	0.432000
5279	6012	0.593000
5284	5936	0.001000
5286	3090	0.176000
5286	4052	0.302000
5286	6255	0.441000
5290	741	0.447000
5293	5294	0.735000
5294	2577	0.627000
5294	5293	0.735000
5294	6006	0.001000
5300	4701	0.021000
5300	5094	0.005000
5304	5305	0.033000
5305	5304	0.033000
5309	2484	0.001000
5310	5777	0.039000
5317	301	0.010000
5317	2340	0.004000
5317	5084	0.005000
5319	3061	0.336000
5320	293	0.178000
5320	1764	0.158000
5322	4209	0.296000
5323	1971	0.191000
5326	271	0.015000
5326	376	0.001000
5326	4916	0.015000
5331	35	0.001000
5331	376	0.004000
5331	893	0.001000
5331	1493	0.002000
5331	1607	0.017000
5331	2918	0.010000
5331	3128	0.001000
5331	3367	0.004000
5331	3695	0.008000
5331	5493	0.005000
5331	5749	0.001000
5338	6367	0.001000
5341	1839	0.380000
5343	5344	0.024000
5344	5343	0.024000
5348	2666	0.001000
5354	3307	0.202000
5357	2994	0.218000
5359	159	0.009000
5359	6075	0.330000
5372	6112	0.083000
5373	2762	0.004000
5375	3229	0.115000
5375	3436	0.663000
5375	5796	0.002000
5381	1455	0.155000
5381	2694	0.007000
5381	4497	0.167000
5382	3715	0.016000
5383	425	0.001000
5385	5443	0.288000
5386	2098	0.001000
5386	4850	0.005000
5386	5667	0.001000
5386	6052	0.001000
5402	85	0.003000
5402	843	0.001000
5402	2367	0.003000
5402	2863	0.005000
5402	3163	0.007000
5402	3948	0.004000
5402	4040	0.004000
5402	4061	0.003000
5410	4329	0.024000
5410	4482	0.098000
5410	5104	0.584000
5411	4607	0.346000
5431	5651	0.353000
5443	805	0.215000
5443	5385	0.288000
5446	2435	0.001000
5446	4212	0.005000
5447	2918	0.001000
5447	5705	0.001000
5449	3464	0.194000
5459	3185	0.037000
5459	6006	0.105000
5459	6220	0.002000
5461	2354	0.476000
5462	536	0.616000
5462	1525	0.740000
5464	305	0.276000
5464	1037	0.183000
5470	4781	0.002000
5473	802	0.051000
5473	3480	0.047000
5473	4877	0.068000
5482	5483	0.188000
5483	5482	0.188000
5485	1940	0.074000
5487	5111	0.320000
5490	1919	0.455000
5492	2554	0.480000
5493	35	0.004000
5493	1785	0.004000
5493	3128	0.004000
5493	3372	0.003000
5493	3858	0.004000
5493	5331	0.005000
5496	3329	0.003000
5499	5500	0.217000
5500	5499	0.217000
5501	200	0.015000
5509	4948	0.005000
5510	2148	0.281000
5510	5605	0.286000
5515	432	0.003000
5521	2213	0.006000
5521	4191	0.001000
5521	6204	0.001000
5529	1737	0.001000
5532	1064	0.173000
5535	2401	0.001000
5543	5564	0.025000
5550	376	0.001000
5550	1298	0.003000
5550	2918	0.001000
5550	3695	0.002000
5550	5217	0.001000
5553	1923	0.001000
5554	14	0.569000
5554	15	0.064000
5554	16	0.063000
5554	17	0.094000
5564	3587	0.356000
5564	3771	0.610000
5564	3800	0.134000
5564	5543	0.025000
5564	5729	0.651000
5578	4121	0.001000
5578	5705	0.002000
5580	1705	0.169000
5580	1961	0.080000
5584	1275	0.668000
5589	2000	0.003000
5605	5510	0.286000
5606	1833	0.006000
5606	2523	0.001000
5609	624	0.008000
5609	1553	0.008000
5609	2008	0.025000
5609	2266	0.027000
5609	4873	0.006000
5617	2247	0.264000
5623	1332	0.192000
5625	4731	0.188000
5630	657	0.043000
5630	2536	0.754000
5630	5650	0.212000
5633	3471	0.346000
5644	6132	0.026000
5650	5630	0.212000
5651	5188	0.198000
5651	5431	0.353000
5657	772	0.007000
5657	891	0.021000
5657	1434	0.010000
5658	2666	0.059000
5658	3194	0.181000
5658	6296	0.023000
5665	4792	0.401000
5666	60	0.319000
5666	5822	0.349000
5667	4736	0.001000
5667	5386	0.001000
5670	2316	0.157000
5672	3032	0.010000
5672	3822	0.010000
5675	3698	0.046000
5688	6043	0.001000
5689	865	0.004000
5689	3017	0.368000
5689	4153	0.457000
5689	4957	0.318000
5690	1751	0.287000
5690	2953	0.287000
5691	401	0.007000
5691	613	0.001000
5691	4967	0.120000
5691	5709	0.010000
5695	614	0.704000
5697	2659	0.001000
5697	4148	0.005000
5697	5147	0.030000
5697	6371	0.003000
5705	156	0.003000
5705	432	0.003000
5705	448	0.005000
5705	1887	0.001000
5705	2320	0.002000
5705	3263	0.004000
5705	3512	0.001000
5705	3670	0.003000
5705	4018	0.002000
5705	4695	0.002000
5705	5211	0.003000
5705	5447	0.001000
5705	5578	0.002000
5705	5764	0.001000
5705	6037	0.001000
5705	6101	0.005000
5709	863	0.016000
5709	1493	0.340000
5709	3581	0.004000
5709	4464	0.008000
5709	4967	0.332000
5709	5691	0.010000
5716	3861	0.359000
5719	797	0.248000
5719	3536	0.293000
5724	1607	0.002000
5724	2918	0.001000
5724	3022	0.002000
5724	3695	0.001000
5724	4663	0.008000
5729	4777	0.110000
5729	5564	0.651000
5730	3367	0.186000
5732	4203	0.035000
5732	4907	0.258000
5733	5148	0.003000
5736	4203	0.018000
5738	3008	0.001000
5743	41	0.052000
5743	2010	0.472000
5743	2195	0.002000
5743	2763	0.022000
5743	4222	0.009000
5743	5061	0.017000
5749	432	0.001000
5749	1556	0.001000
5749	1966	0.005000
5749	5331	0.001000
5751	2523	0.001000
5751	6054	0.021000
5753	1040	0.009000
5753	3238	0.010000
5753	3787	0.010000
5754	6051	0.163000
5761	1743	0.001000
5764	448	0.002000
5764	872	0.001000
5764	1298	0.002000
5764	1743	0.005000
5764	4695	0.001000
5764	5705	0.001000
5766	4932	0.541000
5767	998	0.002000
5775	3254	0.010000
5775	3716	0.250000
5775	3771	0.199000
5777	2762	0.595000
5777	4527	0.004000
5777	4694	0.007000
5777	5310	0.039000
5780	1996	0.001000
5780	2500	0.003000
5780	3947	0.017000
5782	1168	0.005000
5787	4148	0.112000
5796	1388	0.002000
5796	3083	0.010000
5796	3185	0.004000
5796	3436	0.522000
5796	5375	0.002000
5798	1168	0.003000
5798	2741	0.001000
5812	816	0.166000
5814	2057	0.006000
5814	3056	0.001000
5814	3060	0.004000
5814	4021	0.013000
5818	1330	0.233000
5818	2680	0.214000
5821	1343	0.001000
5821	3022	0.016000
5821	4967	0.007000
5822	5666	0.349000
5827	864	0.512000
5848	1493	0.001000
5848	2918	0.002000
5871	2269	0.108000
5871	2296	0.009000
5871	4048	0.005000
5871	4538	0.005000
5885	2499	0.006000
5890	4976	0.140000
5901	782	0.447000
5910	1171	0.041000
5910	2483	0.009000
5910	3816	0.003000
5910	4959	0.131000
5924	376	0.003000
5924	1607	0.002000
5924	2523	0.011000
5924	2918	0.002000
5924	3695	0.006000
5924	4121	0.009000
5924	4663	0.032000
5924	4891	0.037000
5924	5217	0.003000
5936	5284	0.001000
5937	5067	0.002000
5944	415	0.359000
5953	737	0.038000
5953	2500	0.028000
5953	3947	0.028000
5953	5277	0.432000
5955	2269	0.040000
5955	2296	0.012000
5955	4048	0.005000
5955	4538	0.006000
5985	278	0.008000
5985	619	0.140000
5985	775	0.003000
5985	1171	0.014000
5985	1550	0.482000
5985	2483	0.007000
5985	3816	0.011000
5985	4959	0.107000
6006	716	0.279000
6006	946	0.175000
6006	2296	0.001000
6006	4366	0.347000
6006	5294	0.001000
6006	5459	0.105000
6012	5279	0.593000
6014	5147	0.029000
6018	2374	0.232000
6023	1251	0.001000
6025	1019	0.640000
6028	3129	0.302000
6028	3375	0.153000
6028	3658	0.003000
6032	797	0.253000
6032	3536	0.274000
6035	3447	0.007000
6037	376	0.001000
6037	1607	0.001000
6037	2918	0.002000
6037	3695	0.002000
6037	5705	0.001000
6042	2170	0.001000
6042	3367	0.205000
6043	5688	0.001000
6048	292	0.002000
6048	1789	0.001000
6048	3870	0.003000
6051	5754	0.163000
6052	3022	0.005000
6052	3064	0.002000
6052	4967	0.004000
6052	5386	0.001000
6054	1434	0.031000
6054	2060	0.031000
6054	5751	0.021000
6068	1633	0.200000
6068	1902	0.007000
6068	3378	0.139000
6072	816	0.239000
6072	4411	0.386000
6075	44	0.282000
6075	5359	0.330000
6085	1317	0.325000
6085	1591	0.001000
6085	2694	0.154000
6101	220	0.001000
6101	376	0.005000
6101	738	0.001000
6101	1607	0.009000
6101	1785	0.001000
6101	2918	0.048000
6101	3695	0.007000
6101	4826	0.002000
6101	5705	0.005000
6107	376	0.008000
6107	727	0.019000
6107	3695	0.011000
6107	4121	0.013000
6107	4663	0.049000
6109	407	0.530000
6110	4998	0.162000
6112	5372	0.083000
6112	6159	0.081000
6112	6307	0.048000
6118	178	0.001000
6120	2568	0.274000
6123	943	0.531000
6125	4227	0.002000
6125	4228	0.003000
6125	6296	0.588000
6128	2735	0.006000
6128	6198	0.001000
6128	6200	0.003000
6128	6382	0.001000
6129	3686	0.774000
6130	2664	0.273000
6132	5644	0.026000
6133	1082	0.251000
6137	711	0.019000
6144	3992	0.160000
6151	35	0.001000
6151	220	0.001000
6151	997	0.001000
6151	1616	0.002000
6151	1785	0.001000
6151	1826	0.671000
6151	3128	0.001000
6151	3372	0.002000
6151	3858	0.001000
6151	4293	0.002000
6151	5101	0.001000
6159	6112	0.081000
6169	4143	0.002000
6176	6177	0.185000
6177	6176	0.185000
6180	4976	0.140000
6187	4922	0.065000
6188	2498	0.491000
6190	3087	0.180000
6190	5005	0.189000
6198	6128	0.001000
6200	6128	0.003000
6204	1294	0.008000
6204	5521	0.001000
6214	545	0.217000
6216	1855	0.001000
6216	2544	0.003000
6218	1729	0.162000
6220	4366	0.004000
6220	5459	0.002000
6234	2498	0.454000
6234	5132	0.001000
6238	1198	0.036000
6238	4471	0.183000
6238	4617	0.016000
6248	425	0.793000
6252	6376	0.005000
6255	5286	0.441000
6258	934	0.050000
6259	543	0.326000
6259	3962	0.381000
6260	2482	0.140000
6260	3146	0.139000
6260	3218	0.129000
6260	3335	0.137000
6266	3493	0.831000
6282	3138	0.157000
6282	3651	0.158000
6288	4160	0.223000
6296	2258	0.525000
6296	5658	0.023000
6296	6125	0.588000
6298	3471	0.344000
6304	3351	0.244000
6307	6112	0.048000
6315	4752	0.192000
6330	3022	0.258000
6330	4967	0.098000
6344	664	0.001000
6344	743	0.033000
6344	1976	0.016000
6344	2590	0.030000
6344	3631	0.016000
6344	4656	0.017000
6354	2311	0.001000
6354	4263	0.001000
6354	4864	0.001000
6356	1967	0.001000
6356	4173	0.001000
6361	891	0.001000
6362	3875	0.293000
6363	3493	0.777000
6367	5338	0.001000
6369	1413	0.001000
6371	2090	0.007000
6371	5000	0.006000
6371	5697	0.003000
6374	1743	0.042000
6374	3512	0.003000
6374	3870	0.001000
6374	4177	0.001000
6376	6252	0.005000
6378	745	0.324000
6379	4227	0.039000
6379	4228	0.043000
6382	5237	0.007000
6382	6128	0.001000
6389	3098	0.355000
6397	260	0.008000
6397	1950	0.006000
